Parent ARK,Item ARK,File Name,Object Type,Title,Item Sequence
ark:/21198/z1hd9ntq,ark:/21198/z1x08473,Masters/othermasters/MEAPmigration/barbadosephemera/images/barb_eph_rs0028_0018.tif,Page,Page 18,18
ark:/21198/z1hd9ntq,ark:/21198/z1s77cjt,Masters/othermasters/MEAPmigration/barbadosephemera/images/barb_eph_rs0028_0019.tif,Page,Page 19,19
ark:/21198/z1hd9ntq,ark:/21198/z1nk5b88,Masters/othermasters/MEAPmigration/barbadosephemera/images/barb_eph_rs0028_0020.tif,Page,Page 20,20
ark:/21198/z1hd9ntq,ark:/21198/z1ht4kmf,Masters/othermasters/MEAPmigration/barbadosephemera/images/barb_eph_rs0028_0021.tif,Page,Page 21,21
ark:/21198/z1hd9ntq,ark:/21198/z1d23txg,Masters/othermasters/MEAPmigration/barbadosephemera/images/barb_eph_rs0028_0022.tif,Page,Page 22,22
ark:/21198/z1hd9ntq,ark:/21198/z189336j,Masters/othermasters/MEAPmigration/barbadosephemera/images/barb_eph_rs0028_0023.tif,Page,Page 23,23
ark:/21198/z1hd9ntq,ark:/21198/z14j2bcg,Masters/othermasters/MEAPmigration/barbadosephemera/images/barb_eph_rs0028_0024.tif,Page,Page 24,24
ark:/21198/z1hd9ntq,ark:/21198/z10s1km9,Masters/othermasters/MEAPmigration/barbadosephemera/images/barb_eph_rs0028_0025.tif,Page,Page 25,25
ark:/21198/z1hd9ntq,ark:/21198/z1w11355,Masters/othermasters/MEAPmigration/barbadosephemera/images/barb_eph_rs0028_0026.tif,Page,Page 26,26
ark:/21198/z1hd9ntq,ark:/21198/z1rb91tr,Masters/othermasters/MEAPmigration/barbadosephemera/images/barb_eph_rs0028_0027.tif,Page,Page 27,27
ark:/21198/z1hd9ntq,ark:/21198/z1mk895b,Masters/othermasters/MEAPmigration/barbadosephemera/images/barb_eph_rs0028_0028.tif,Page,Page 28,28
ark:/21198/z1cr7mg8,ark:/21198/z1gt7jg2,Masters/othermasters/MEAPmigration/barbadosephemera/images/barb_eph_rs0029_0001.tif,Page,Page 1,1
ark:/21198/z1cr7mg8,ark:/21198/z1c26srn,Masters/othermasters/MEAPmigration/barbadosephemera/images/barb_eph_rs0029_0002.tif,Page,Page 2,2
ark:/21198/z1cr7mg8,ark:/21198/z17961xz,Masters/othermasters/MEAPmigration/barbadosephemera/images/barb_eph_rs0029_0003.tif,Page,Page 3,3
ark:/21198/z1cr7mg8,ark:/21198/z13j5956,Masters/othermasters/MEAPmigration/barbadosephemera/images/barb_eph_rs0029_0004.tif,Page,Page 4,4
ark:/21198/z1cr7mg8,ark:/21198/z1zs4srd,Masters/othermasters/MEAPmigration/barbadosephemera/images/barb_eph_rs0029_0005.tif,Page,Page 5,5
ark:/21198/z1cr7mg8,ark:/21198/z1v42rd8,Masters/othermasters/MEAPmigration/barbadosephemera/images/barb_eph_rs0029_0006.tif,Page,Page 6,6
ark:/21198/z1cr7mg8,ark:/21198/z1qc20rt,Masters/othermasters/MEAPmigration/barbadosephemera/images/barb_eph_rs0029_0007.tif,Page,Page 7,7
ark:/21198/z1cr7mg8,ark:/21198/z1km183d,Masters/othermasters/MEAPmigration/barbadosephemera/images/barb_eph_rs0029_0008.tif,Page,Page 8,8
ark:/21198/z1cr7mg8,ark:/21198/z1fv0h9s,Masters/othermasters/MEAPmigration/barbadosephemera/images/barb_eph_rs0029_0009.tif,Page,Page 9,9
ark:/21198/z1cr7mg8,ark:/21198/z1b29rjc,Masters/othermasters/MEAPmigration/barbadosephemera/images/barb_eph_rs0029_0010.tif,Page,Page 10,10
ark:/21198/z1cr7mg8,ark:/21198/z16990sk,Masters/othermasters/MEAPmigration/barbadosephemera/images/barb_eph_rs0029_0011.tif,Page,Page 11,11
ark:/21198/z1cr7mg8,ark:/21198/z12j883q,Masters/othermasters/MEAPmigration/barbadosephemera/images/barb_eph_rs0029_0012.tif,Page,Page 12,12
ark:/21198/z1cr7mg8,ark:/21198/z1xw6g1r,Masters/othermasters/MEAPmigration/barbadosephemera/images/barb_eph_rs0029_0013.tif,Page,Page 13,13
ark:/21198/z1cr7mg8,ark:/21198/z1t45qc7,Masters/othermasters/MEAPmigration/barbadosephemera/images/barb_eph_rs0029_0014.tif,Page,Page 14,14
ark:/21198/z1cr7mg8,ark:/21198/z1pc4zpz,Masters/othermasters/MEAPmigration/barbadosephemera/images/barb_eph_rs0029_0015.tif,Page,Page 15,15
ark:/21198/z1cr7mg8,ark:/21198/z1jm46zm,Masters/othermasters/MEAPmigration/barbadosephemera/images/barb_eph_rs0029_0016.tif,Page,Page 16,16
ark:/21198/z1cr7mg8,ark:/21198/z1dv3g4z,Masters/othermasters/MEAPmigration/barbadosephemera/images/barb_eph_rs0029_0017.tif,Page,Page 17,17
ark:/21198/z1cr7mg8,ark:/21198/z1932qdj,Masters/othermasters/MEAPmigration/barbadosephemera/images/barb_eph_rs0029_0018.tif,Page,Page 18,18
ark:/21198/z1cr7mg8,ark:/21198/z15b1zrq,Masters/othermasters/MEAPmigration/barbadosephemera/images/barb_eph_rs0029_0019.tif,Page,Page 19,19
ark:/21198/z1cr7mg8,ark:/21198/z11n9xbt,Masters/othermasters/MEAPmigration/barbadosephemera/images/barb_eph_rs0029_0020.tif,Page,Page 20,20
ark:/21198/z1cr7mg8,ark:/21198/z1ww9dzv,Masters/othermasters/MEAPmigration/barbadosephemera/images/barb_eph_rs0029_0021.tif,Page,Page 21,21
ark:/21198/z1cr7mg8,ark:/21198/z1s48p89,Masters/othermasters/MEAPmigration/barbadosephemera/images/barb_eph_rs0029_0022.tif,Page,Page 22,22
ark:/21198/z1cr7mg8,ark:/21198/z1nc7xh4,Masters/othermasters/MEAPmigration/barbadosephemera/images/barb_eph_rs0029_0023.tif,Page,Page 23,23
ark:/21198/z1cr7mg8,ark:/21198/z1hm75pf,Masters/othermasters/MEAPmigration/barbadosephemera/images/barb_eph_rs0029_0024.tif,Page,Page 24,24
ark:/21198/z1cr7mg8,ark:/21198/z1cv6dzq,Masters/othermasters/MEAPmigration/barbadosephemera/images/barb_eph_rs0029_0025.tif,Page,Page 25,25
ark:/21198/z1cr7mg8,ark:/21198/z1835p9m,Masters/othermasters/MEAPmigration/barbadosephemera/images/barb_eph_rs0029_0026.tif,Page,Page 26,26
ark:/21198/z1cr7mg8,ark:/21198/z14f3mzr,Masters/othermasters/MEAPmigration/barbadosephemera/images/barb_eph_rs0029_0027.tif,Page,Page 27,27
ark:/21198/z1cr7mg8,ark:/21198/z10p2w9b,Masters/othermasters/MEAPmigration/barbadosephemera/images/barb_eph_rs0029_0028.tif,Page,Page 28,28
ark:/21198/z1cr7mg8,ark:/21198/z1vx2cvg,Masters/othermasters/MEAPmigration/barbadosephemera/images/barb_eph_rs0029_0029.tif,Page,Page 29,29
ark:/21198/z1cr7mg8,ark:/21198/z1r51n2k,Masters/othermasters/MEAPmigration/barbadosephemera/images/barb_eph_rs0029_0030.tif,Page,Page 30,30
ark:/21198/z1cr7mg8,ark:/21198/z1md0w8z,Masters/othermasters/MEAPmigration/barbadosephemera/images/barb_eph_rs0029_0031.tif,Page,Page 31,31
ark:/21198/z1cr7mg8,ark:/21198/z1gn04jm,Masters/othermasters/MEAPmigration/barbadosephemera/images/barb_eph_rs0029_0032.tif,Page,Page 32,32
ark:/21198/z1cr7mg8,ark:/21198/z1bz838h,Masters/othermasters/MEAPmigration/barbadosephemera/images/barb_eph_rs0029_0033.tif,Page,Page 33,33
ark:/21198/z1cr7mg8,ark:/21198/z1767bkj,Masters/othermasters/MEAPmigration/barbadosephemera/images/barb_eph_rs0029_0034.tif,Page,Page 34,34
ark:/21198/z1cr7mg8,ark:/21198/z13f6kz5,Masters/othermasters/MEAPmigration/barbadosephemera/images/barb_eph_rs0029_0035.tif,Page,Page 35,35
ark:/21198/z1cr7mg8,ark:/21198/z1zp63ft,Masters/othermasters/MEAPmigration/barbadosephemera/images/barb_eph_rs0029_0036.tif,Page,Page 36,36
ark:/21198/z1806vs9,ark:/21198/z1tx5bq3,Masters/othermasters/MEAPmigration/barbadosephemera/images/barb_eph_rs0030_0001.tif,Page,Page 1,1
ark:/21198/z1806vs9,ark:/21198/z1q54kwb,Masters/othermasters/MEAPmigration/barbadosephemera/images/barb_eph_rs0030_0002.tif,Page,Page 2,2
ark:/21198/z1806vs9,ark:/21198/z1kd3v51,Masters/othermasters/MEAPmigration/barbadosephemera/images/barb_eph_rs0030_0003.tif,Page,Page 3,3
ark:/21198/z1806vs9,ark:/21198/z1fr1svm,Masters/othermasters/MEAPmigration/barbadosephemera/images/barb_eph_rs0030_0004.tif,Page,Page 4,4
ark:/21198/z1806vs9,ark:/21198/z1b01240,Masters/othermasters/MEAPmigration/barbadosephemera/images/barb_eph_rs0030_0005.tif,Page,Page 5,5
ark:/21198/z1806vs9,ark:/21198/z16709hm,Masters/othermasters/MEAPmigration/barbadosephemera/images/barb_eph_rs0030_0006.tif,Page,Page 6,6
ark:/21198/z1806vs9,ark:/21198/z12f9jsb,Masters/othermasters/MEAPmigration/barbadosephemera/images/barb_eph_rs0030_0007.tif,Page,Page 7,7
ark:/21198/z1806vs9,ark:/21198/z1xp927j,Masters/othermasters/MEAPmigration/barbadosephemera/images/barb_eph_rs0030_0008.tif,Page,Page 8,8
ark:/21198/z1806vs9,ark:/21198/z1sx89fx,Masters/othermasters/MEAPmigration/barbadosephemera/images/barb_eph_rs0030_0009.tif,Page,Page 9,9
ark:/21198/z1806vs9,ark:/21198/z1p57jrz,Masters/othermasters/MEAPmigration/barbadosephemera/images/barb_eph_rs0030_0010.tif,Page,Page 10,10
ark:/21198/z1806vs9,ark:/21198/z1jh5hdh,Masters/othermasters/MEAPmigration/barbadosephemera/images/barb_eph_rs0030_0011.tif,Page,Page 11,11
ark:/21198/z1806vs9,ark:/21198/z1dr4rrp,Masters/othermasters/MEAPmigration/barbadosephemera/images/barb_eph_rs0030_0012.tif,Page,Page 12,12
ark:/21198/z1806vs9,ark:/21198/z190412h,Masters/othermasters/MEAPmigration/barbadosephemera/images/barb_eph_rs0030_0013.tif,Page,Page 13,13
ark:/21198/z1806vs9,ark:/21198/z15738bs,Masters/othermasters/MEAPmigration/barbadosephemera/images/barb_eph_rs0030_0014.tif,Page,Page 14,14
ark:/21198/z1806vs9,ark:/21198/z11g2hj5,Masters/othermasters/MEAPmigration/barbadosephemera/images/barb_eph_rs0030_0015.tif,Page,Page 15,15
ark:/21198/z1806vs9,ark:/21198/z1wq211t,Masters/othermasters/MEAPmigration/barbadosephemera/images/barb_eph_rs0030_0016.tif,Page,Page 16,16
ark:/21198/z1806vs9,ark:/21198/z1rz1893,Masters/othermasters/MEAPmigration/barbadosephemera/images/barb_eph_rs0030_0017.tif,Page,Page 17,17
ark:/21198/z1806vs9,ark:/21198/z1n89719,Masters/othermasters/MEAPmigration/barbadosephemera/images/barb_eph_rs0030_0018.tif,Page,Page 18,18
ark:/21198/z1806vs9,ark:/21198/z1hh8gb1,Masters/othermasters/MEAPmigration/barbadosephemera/images/barb_eph_rs0030_0019.tif,Page,Page 19,19
ark:/21198/z1806vs9,ark:/21198/z1cr7qp6,Masters/othermasters/MEAPmigration/barbadosephemera/images/barb_eph_rs0030_0020.tif,Page,Page 20,20
ark:/21198/z1806vs9,ark:/21198/z1806zzs,Masters/othermasters/MEAPmigration/barbadosephemera/images/barb_eph_rs0030_0021.tif,Page,Page 21,21
ark:/21198/z1806vs9,ark:/21198/z147675z,Masters/othermasters/MEAPmigration/barbadosephemera/images/barb_eph_rs0030_0022.tif,Page,Page 22,22
ark:/21198/z1806vs9,ark:/21198/z10g5gcb,Masters/othermasters/MEAPmigration/barbadosephemera/images/barb_eph_rs0030_0023.tif,Page,Page 23,23
ark:/21198/z1806vs9,ark:/21198/z1vq4zx3,Masters/othermasters/MEAPmigration/barbadosephemera/images/barb_eph_rs0030_0024.tif,Page,Page 24,24
ark:/21198/z1806vs9,ark:/21198/z1r22xmd,Masters/othermasters/MEAPmigration/barbadosephemera/images/barb_eph_rs0030_0025.tif,Page,Page 25,25
ark:/21198/z1806vs9,ark:/21198/z1m925xh,Masters/othermasters/MEAPmigration/barbadosephemera/images/barb_eph_rs0030_0026.tif,Page,Page 26,26
ark:/21198/z1806vs9,ark:/21198/z1gj1f83,Masters/othermasters/MEAPmigration/barbadosephemera/images/barb_eph_rs0030_0027.tif,Page,Page 27,27
ark:/21198/z1806vs9,ark:/21198/z1bs0pgg,Masters/othermasters/MEAPmigration/barbadosephemera/images/barb_eph_rs0030_0028.tif,Page,Page 28,28
ark:/21198/z1806vs9,ark:/21198/z1709xq2,Masters/othermasters/MEAPmigration/barbadosephemera/images/barb_eph_rs0030_0029.tif,Page,Page 29,29
ark:/21198/z1806vs9,ark:/21198/z13795xt,Masters/othermasters/MEAPmigration/barbadosephemera/images/barb_eph_rs0030_0030.tif,Page,Page 30,30
ark:/21198/z1806vs9,ark:/21198/z1zg8pg0,Masters/othermasters/MEAPmigration/barbadosephemera/images/barb_eph_rs0030_0031.tif,Page,Page 31,31
ark:/21198/z1806vs9,ark:/21198/z1tt6n50,Masters/othermasters/MEAPmigration/barbadosephemera/images/barb_eph_rs0030_0032.tif,Page,Page 32,32
ark:/21198/z1806vs9,ark:/21198/z1q25whg,Masters/othermasters/MEAPmigration/barbadosephemera/images/barb_eph_rs0030_0033.tif,Page,Page 33,33
ark:/21198/z1806vs9,ark:/21198/z1k954tk,Masters/othermasters/MEAPmigration/barbadosephemera/images/barb_eph_rs0030_0034.tif,Page,Page 34,34
ark:/21198/z1806vs9,ark:/21198/z1fj4d38,Masters/othermasters/MEAPmigration/barbadosephemera/images/barb_eph_rs0030_0035.tif,Page,Page 35,35
ark:/21198/z1806vs9,ark:/21198/z19s3n86,Masters/othermasters/MEAPmigration/barbadosephemera/images/barb_eph_rs0030_0036.tif,Page,Page 36,36
ark:/21198/z1806vs9,ark:/21198/z1612whb,Masters/othermasters/MEAPmigration/barbadosephemera/images/barb_eph_rs0030_0037.tif,Page,Page 37,37
ark:/21198/z1806vs9,ark:/21198/z12824tf,Masters/othermasters/MEAPmigration/barbadosephemera/images/barb_eph_rs0030_0038.tif,Page,Page 38,38
ark:/21198/z1806vs9,ark:/21198/z1xm0bsx,Masters/othermasters/MEAPmigration/barbadosephemera/images/barb_eph_rs0030_0039.tif,Page,Page 39,39
ark:/21198/z1806vs9,ark:/21198/z1st9m3h,Masters/othermasters/MEAPmigration/barbadosephemera/images/barb_eph_rs0030_0040.tif,Page,Page 40,40
ark:/21198/z1806vs9,ark:/21198/z1p28vf0,Masters/othermasters/MEAPmigration/barbadosephemera/images/barb_eph_rs0030_0041.tif,Page,Page 41,41
ark:/21198/z1806vs9,ark:/21198/z1j983qn,Masters/othermasters/MEAPmigration/barbadosephemera/images/barb_eph_rs0030_0042.tif,Page,Page 42,42
ark:/21198/z1806vs9,ark:/21198/z1dj7bx1,Masters/othermasters/MEAPmigration/barbadosephemera/images/barb_eph_rs0030_0043.tif,Page,Page 43,43
ark:/21198/z147640g,ark:/21198/z18s6m4t,Masters/othermasters/MEAPmigration/barbadosephemera/images/barb_eph_rs0031_0001.tif,Page,Page 1,1
ark:/21198/z147640g,ark:/21198/z1515vg9,Masters/othermasters/MEAPmigration/barbadosephemera/images/barb_eph_rs0031_0002.tif,Page,Page 2,2
ark:/21198/z147640g,ark:/21198/z11c3t3d,Masters/othermasters/MEAPmigration/barbadosephemera/images/barb_eph_rs0031_0003.tif,Page,Page 3,3
ark:/21198/z147640g,ark:/21198/z1wm39p0,Masters/othermasters/MEAPmigration/barbadosephemera/images/barb_eph_rs0031_0004.tif,Page,Page 4,4
ark:/21198/z147640g,ark:/21198/z1rv2k1k,Masters/othermasters/MEAPmigration/barbadosephemera/images/barb_eph_rs0031_0005.tif,Page,Page 5,5
ark:/21198/z147640g,ark:/21198/z1n31t78,Masters/othermasters/MEAPmigration/barbadosephemera/images/barb_eph_rs0031_0006.tif,Page,Page 6,6
ark:/21198/z147640g,ark:/21198/z1hb12f1,Masters/othermasters/MEAPmigration/barbadosephemera/images/barb_eph_rs0031_0007.tif,Page,Page 7,7
ark:/21198/z147640g,ark:/21198/z1ck09q9,Masters/othermasters/MEAPmigration/barbadosephemera/images/barb_eph_rs0031_0008.tif,Page,Page 8,8
ark:/21198/z147640g,ark:/21198/z17s9k1w,Masters/othermasters/MEAPmigration/barbadosephemera/images/barb_eph_rs0031_0009.tif,Page,Page 9,9
ark:/21198/z147640g,ark:/21198/z1447hpb,Masters/othermasters/MEAPmigration/barbadosephemera/images/barb_eph_rs0031_0010.tif,Page,Page 10,10
ark:/21198/z147640g,ark:/21198/z10c6s1x,Masters/othermasters/MEAPmigration/barbadosephemera/images/barb_eph_rs0031_0011.tif,Page,Page 11,11
ark:/21198/z147640g,ark:/21198/z1vm68jm,Masters/othermasters/MEAPmigration/barbadosephemera/images/barb_eph_rs0031_0012.tif,Page,Page 12,12
ark:/21198/z147640g,ark:/21198/z1qv5htw,Masters/othermasters/MEAPmigration/barbadosephemera/images/barb_eph_rs0031_0013.tif,Page,Page 13,13
ark:/21198/z147640g,ark:/21198/z1m34s0j,Masters/othermasters/MEAPmigration/barbadosephemera/images/barb_eph_rs0031_0014.tif,Page,Page 14,14
ark:/21198/z147640g,ark:/21198/z1gb4186,Masters/othermasters/MEAPmigration/barbadosephemera/images/barb_eph_rs0031_0015.tif,Page,Page 15,15
ark:/21198/z147640g,ark:/21198/z1bk38mc,Masters/othermasters/MEAPmigration/barbadosephemera/images/barb_eph_rs0031_0016.tif,Page,Page 16,16
ark:/21198/z147640g,ark:/21198/z16x179c,Masters/othermasters/MEAPmigration/barbadosephemera/images/barb_eph_rs0031_0017.tif,Page,Page 17,17
ark:/21198/z147640g,ark:/21198/z1350gnv,Masters/othermasters/MEAPmigration/barbadosephemera/images/barb_eph_rs0031_0018.tif,Page,Page 18,18
ark:/21198/z147640g,ark:/21198/z1zd006d,Masters/othermasters/MEAPmigration/barbadosephemera/images/barb_eph_rs0031_0019.tif,Page,Page 19,19
ark:/21198/z147640g,ark:/21198/z1tm97fp,Masters/othermasters/MEAPmigration/barbadosephemera/images/barb_eph_rs0031_0020.tif,Page,Page 20,20
ark:/21198/z147640g,ark:/21198/z1pv8gn2,Masters/othermasters/MEAPmigration/barbadosephemera/images/barb_eph_rs0031_0021.tif,Page,Page 21,21
ark:/21198/z147640g,ark:/21198/z1k37qxn,Masters/othermasters/MEAPmigration/barbadosephemera/images/barb_eph_rs0031_0022.tif,Page,Page 22,22
ark:/21198/z147640g,ark:/21198/z1ff5pk6,Masters/othermasters/MEAPmigration/barbadosephemera/images/barb_eph_rs0031_0023.tif,Page,Page 23,23
ark:/21198/z147640g,ark:/21198/z19p4xwx,Masters/othermasters/MEAPmigration/barbadosephemera/images/barb_eph_rs0031_0024.tif,Page,Page 24,24
ark:/21198/z147640g,ark:/21198/z15x467w,Masters/othermasters/MEAPmigration/barbadosephemera/images/barb_eph_rs0031_0025.tif,Page,Page 25,25
ark:/21198/z147640g,ark:/21198/z1253fjx,Masters/othermasters/MEAPmigration/barbadosephemera/images/barb_eph_rs0031_0026.tif,Page,Page 26,26
ark:/21198/z147640g,ark:/21198/z1xd2z0r,Masters/othermasters/MEAPmigration/barbadosephemera/images/barb_eph_rs0031_0027.tif,Page,Page 27,27
ark:/21198/z147640g,ark:/21198/z1sn267z,Masters/othermasters/MEAPmigration/barbadosephemera/images/barb_eph_rs0031_0028.tif,Page,Page 28,28
ark:/21198/z147640g,ark:/21198/z1nw1fh7,Masters/othermasters/MEAPmigration/barbadosephemera/images/barb_eph_rs0031_0029.tif,Page,Page 29,29
ark:/21198/z147640g,ark:/21198/z1j69d43,Masters/othermasters/MEAPmigration/barbadosephemera/images/barb_eph_rs0031_0030.tif,Page,Page 30,30
ark:/21198/z147640g,ark:/21198/z1df8nft,Masters/othermasters/MEAPmigration/barbadosephemera/images/barb_eph_rs0031_0031.tif,Page,Page 31,31
ark:/21198/z147640g,ark:/21198/z18p7wtf,Masters/othermasters/MEAPmigration/barbadosephemera/images/barb_eph_rs0031_0032.tif,Page,Page 32,32
ark:/21198/z147640g,ark:/21198/z14x753h,Masters/othermasters/MEAPmigration/barbadosephemera/images/barb_eph_rs0031_0033.tif,Page,Page 33,33
ark:/21198/z147640g,ark:/21198/z1156dc3,Masters/othermasters/MEAPmigration/barbadosephemera/images/barb_eph_rs0031_0034.tif,Page,Page 34,34
ark:/21198/z147640g,ark:/21198/z1wd5wth,Masters/othermasters/MEAPmigration/barbadosephemera/images/barb_eph_rs0031_0035.tif,Page,Page 35,35
ark:/21198/z147640g,ark:/21198/z1rn553k,Masters/othermasters/MEAPmigration/barbadosephemera/images/barb_eph_rs0031_0036.tif,Page,Page 36,36
ark:/21198/z147640g,ark:/21198/z1n033sg,Masters/othermasters/MEAPmigration/barbadosephemera/images/barb_eph_rs0031_0037.tif,Page,Page 37,37
ark:/21198/z147640g,ark:/21198/z1h72c3m,Masters/othermasters/MEAPmigration/barbadosephemera/images/barb_eph_rs0031_0038.tif,Page,Page 38,38
ark:/21198/z147640g,ark:/21198/z1cg1mdb,Masters/othermasters/MEAPmigration/barbadosephemera/images/barb_eph_rs0031_0039.tif,Page,Page 39,39
ark:/21198/z147640g,ark:/21198/z17q0vrh,Masters/othermasters/MEAPmigration/barbadosephemera/images/barb_eph_rs0031_0040.tif,Page,Page 40,40
ark:/21198/z147640g,ark:/21198/z13z03z8,Masters/othermasters/MEAPmigration/barbadosephemera/images/barb_eph_rs0031_0041.tif,Page,Page 41,41
ark:/21198/z147640g,ark:/21198/z1059c68,Masters/othermasters/MEAPmigration/barbadosephemera/images/barb_eph_rs0031_0042.tif,Page,Page 42,42
ark:/21198/z147640g,ark:/21198/z1vd8vqk,Masters/othermasters/MEAPmigration/barbadosephemera/images/barb_eph_rs0031_0043.tif,Page,Page 43,43
ark:/21198/z147640g,ark:/21198/z1qr6tc4,Masters/othermasters/MEAPmigration/barbadosephemera/images/barb_eph_rs0031_0044.tif,Page,Page 44,44
ark:/21198/z147640g,ark:/21198/z1m062q0,Masters/othermasters/MEAPmigration/barbadosephemera/images/barb_eph_rs0031_0045.tif,Page,Page 45,45
ark:/21198/z147640g,ark:/21198/z1g75b14,Masters/othermasters/MEAPmigration/barbadosephemera/images/barb_eph_rs0031_0046.tif,Page,Page 46,46
ark:/21198/z147640g,ark:/21198/z1bg4kbv,Masters/othermasters/MEAPmigration/barbadosephemera/images/barb_eph_rs0031_0047.tif,Page,Page 47,47
ark:/21198/z147640g,ark:/21198/z16q3tj7,Masters/othermasters/MEAPmigration/barbadosephemera/images/barb_eph_rs0031_0048.tif,Page,Page 48,48
ark:/21198/z147640g,ark:/21198/z12z32sf,Masters/othermasters/MEAPmigration/barbadosephemera/images/barb_eph_rs0031_0049.tif,Page,Page 49,49
ark:/21198/z147640g,ark:/21198/z1z62k9g,Masters/othermasters/MEAPmigration/barbadosephemera/images/barb_eph_rs0031_0050.tif,Page,Page 50,50
ark:/21198/z147640g,ark:/21198/z1tj0hx5,Masters/othermasters/MEAPmigration/barbadosephemera/images/barb_eph_rs0031_0051.tif,Page,Page 51,51
ark:/21198/z147640g,ark:/21198/z1pr9s7r,Masters/othermasters/MEAPmigration/barbadosephemera/images/barb_eph_rs0031_0052.tif,Page,Page 52,52
ark:/21198/z147640g,ark:/21198/z1k091km,Masters/othermasters/MEAPmigration/barbadosephemera/images/barb_eph_rs0031_0053.tif,Page,Page 53,53
ark:/21198/z147640g,ark:/21198/z1f788vw,Masters/othermasters/MEAPmigration/barbadosephemera/images/barb_eph_rs0031_0054.tif,Page,Page 54,54
ark:/21198/z147640g,ark:/21198/z19g7j34,Masters/othermasters/MEAPmigration/barbadosephemera/images/barb_eph_rs0031_0055.tif,Page,Page 55,55
ark:/21198/z147640g,ark:/21198/z15q6s9h,Masters/othermasters/MEAPmigration/barbadosephemera/images/barb_eph_rs0031_0056.tif,Page,Page 56,56
ark:/21198/z147640g,ark:/21198/z11z61n2,Masters/othermasters/MEAPmigration/barbadosephemera/images/barb_eph_rs0031_0057.tif,Page,Page 57,57
ark:/21198/z147640g,ark:/21198/z1x947jz,Masters/othermasters/MEAPmigration/barbadosephemera/images/barb_eph_rs0031_0058.tif,Page,Page 58,58
ark:/21198/z147640g,ark:/21198/z1sj3gw4,Masters/othermasters/MEAPmigration/barbadosephemera/images/barb_eph_rs0031_0059.tif,Page,Page 59,59
ark:/21198/z147640g,ark:/21198/z1ns2r7q,Masters/othermasters/MEAPmigration/barbadosephemera/images/barb_eph_rs0031_0060.tif,Page,Page 60,60
ark:/21198/z147640g,ark:/21198/z1j120hp,Masters/othermasters/MEAPmigration/barbadosephemera/images/barb_eph_rs0031_0061.tif,Page,Page 61,61
ark:/21198/z147640g,ark:/21198/z1d817q2,Masters/othermasters/MEAPmigration/barbadosephemera/images/barb_eph_rs0031_0062.tif,Page,Page 62,62
ark:/21198/z147640g,ark:/21198/z18h0gzw,Masters/othermasters/MEAPmigration/barbadosephemera/images/barb_eph_rs0031_0063.tif,Page,Page 63,63
ark:/21198/z147640g,ark:/21198/z14q9r71,Masters/othermasters/MEAPmigration/barbadosephemera/images/barb_eph_rs0031_0064.tif,Page,Page 64,64
ark:/21198/z147640g,ark:/21198/z1127pwg,Masters/othermasters/MEAPmigration/barbadosephemera/images/barb_eph_rs0031_0065.tif,Page,Page 65,65
ark:/21198/z147640g,ark:/21198/z1w976gg,Masters/othermasters/MEAPmigration/barbadosephemera/images/barb_eph_rs0031_0066.tif,Page,Page 66,66
ark:/21198/z147640g,ark:/21198/z1rj6fs6,Masters/othermasters/MEAPmigration/barbadosephemera/images/barb_eph_rs0031_0067.tif,Page,Page 67,67
ark:/21198/z147640g,ark:/21198/z1ms5q3b,Masters/othermasters/MEAPmigration/barbadosephemera/images/barb_eph_rs0031_0068.tif,Page,Page 68,68
ark:/21198/z147640g,ark:/21198/z1h14z8k,Masters/othermasters/MEAPmigration/barbadosephemera/images/barb_eph_rs0031_0069.tif,Page,Page 69,69
ark:/21198/z147640g,ark:/21198/z1c846j7,Masters/othermasters/MEAPmigration/barbadosephemera/images/barb_eph_rs0031_0070.tif,Page,Page 70,70
ark:/21198/z147640g,ark:/21198/z17h3fvz,Masters/othermasters/MEAPmigration/barbadosephemera/images/barb_eph_rs0031_0071.tif,Page,Page 71,71
ark:/21198/z147640g,ark:/21198/z13v1dfm,Masters/othermasters/MEAPmigration/barbadosephemera/images/barb_eph_rs0031_0072.tif,Page,Page 72,72
ark:/21198/z147640g,ark:/21198/z1030ns3,Masters/othermasters/MEAPmigration/barbadosephemera/images/barb_eph_rs0031_0073.tif,Page,Page 73,73
ark:/21198/z147640g,ark:/21198/z1vb05c3,Masters/othermasters/MEAPmigration/barbadosephemera/images/barb_eph_rs0031_0074.tif,Page,Page 74,74
ark:/21198/z147640g,ark:/21198/z1qj9dkx,Masters/othermasters/MEAPmigration/barbadosephemera/images/barb_eph_rs0031_0075.tif,Page,Page 75,75
ark:/21198/z147640g,ark:/21198/z1ks8ntr,Masters/othermasters/MEAPmigration/barbadosephemera/images/barb_eph_rs0031_0076.tif,Page,Page 76,76
ark:/21198/z147640g,ark:/21198/z1g17x29,Masters/othermasters/MEAPmigration/barbadosephemera/images/barb_eph_rs0031_0077.tif,Page,Page 77,77
ark:/21198/z147640g,ark:/21198/z1b875dv,Masters/othermasters/MEAPmigration/barbadosephemera/images/barb_eph_rs0031_0078.tif,Page,Page 78,78
ark:/21198/z10g5c6v,ark:/21198/z16m542d,Masters/othermasters/MEAPmigration/barbadosephemera/images/barb_eph_rs0032_0001.tif,Page,Page 1,1
ark:/21198/z10g5c6v,ark:/21198/z12v4cdk,Masters/othermasters/MEAPmigration/barbadosephemera/images/barb_eph_rs0032_0002.tif,Page,Page 2,2
ark:/21198/z10g5c6v,ark:/21198/z1z33w0h,Masters/othermasters/MEAPmigration/barbadosephemera/images/barb_eph_rs0032_0003.tif,Page,Page 3,3
ark:/21198/z10g5c6v,ark:/21198/z1tb347q,Masters/othermasters/MEAPmigration/barbadosephemera/images/barb_eph_rs0032_0004.tif,Page,Page 4,4
ark:/21198/z10g5c6v,ark:/21198/z1pk2cdn,Masters/othermasters/MEAPmigration/barbadosephemera/images/barb_eph_rs0032_0005.tif,Page,Page 5,5
ark:/21198/z10g5c6v,ark:/21198/z1jt1mpx,Masters/othermasters/MEAPmigration/barbadosephemera/images/barb_eph_rs0032_0006.tif,Page,Page 6,6
ark:/21198/z10g5c6v,ark:/21198/z1f49kd4,Masters/othermasters/MEAPmigration/barbadosephemera/images/barb_eph_rs0032_0007.tif,Page,Page 7,7
ark:/21198/z10g5c6v,ark:/21198/z19c8tpd,Masters/othermasters/MEAPmigration/barbadosephemera/images/barb_eph_rs0032_0008.tif,Page,Page 8,8
ark:/21198/z10g5c6v,ark:/21198/z15m831c,Masters/othermasters/MEAPmigration/barbadosephemera/images/barb_eph_rs0032_0009.tif,Page,Page 9,9
ark:/21198/z10g5c6v,ark:/21198/z11v7b9n,Masters/othermasters/MEAPmigration/barbadosephemera/images/barb_eph_rs0032_0010.tif,Page,Page 10,10
ark:/21198/z10g5c6v,ark:/21198/z1x36tt8,Masters/othermasters/MEAPmigration/barbadosephemera/images/barb_eph_rs0032_0011.tif,Page,Page 11,11
ark:/21198/z10g5c6v,ark:/21198/z1sb631f,Masters/othermasters/MEAPmigration/barbadosephemera/images/barb_eph_rs0032_0012.tif,Page,Page 12,12
ark:/21198/z10g5c6v,ark:/21198/z1nk5b9q,Masters/othermasters/MEAPmigration/barbadosephemera/images/barb_eph_rs0032_0013.tif,Page,Page 13,13
ark:/21198/z10g5c6v,ark:/21198/z1hx38xd,Masters/othermasters/MEAPmigration/barbadosephemera/images/barb_eph_rs0032_0014.tif,Page,Page 14,14
ark:/21198/z10g5c6v,ark:/21198/z1d52j6d,Masters/othermasters/MEAPmigration/barbadosephemera/images/barb_eph_rs0032_0015.tif,Page,Page 15,15
ark:/21198/z10g5c6v,ark:/21198/z18d1sjk,Masters/othermasters/MEAPmigration/barbadosephemera/images/barb_eph_rs0032_0016.tif,Page,Page 16,16
ark:/21198/z10g5c6v,ark:/21198/z14n11w4,Masters/othermasters/MEAPmigration/barbadosephemera/images/barb_eph_rs0032_0017.tif,Page,Page 17,17
ark:/21198/z10g5c6v,ark:/21198/z10w093x,Masters/othermasters/MEAPmigration/barbadosephemera/images/barb_eph_rs0032_0018.tif,Page,Page 18,18
ark:/21198/z10g5c6v,ark:/21198/z1w39skj,Masters/othermasters/MEAPmigration/barbadosephemera/images/barb_eph_rs0032_0019.tif,Page,Page 19,19
ark:/21198/z10g5c6v,ark:/21198/z1rb91v6,Masters/othermasters/MEAPmigration/barbadosephemera/images/barb_eph_rs0032_0020.tif,Page,Page 20,20
ark:/21198/z1vq4vq5,ark:/21198/z1mp70hr,Masters/othermasters/MEAPmigration/barbadosephemera/images/barb_eph_rs0033_0001.tif,Page,Page 1,1
ark:/21198/z1vq4vq5,ark:/21198/z1gx67tg,Masters/othermasters/MEAPmigration/barbadosephemera/images/barb_eph_rs0033_0002.tif,Page,Page 2,2
ark:/21198/z1vq4vq5,ark:/21198/z1c55h4x,Masters/othermasters/MEAPmigration/barbadosephemera/images/barb_eph_rs0033_0003.tif,Page,Page 3,3
ark:/21198/z1vq4vq5,ark:/21198/z17d4rg3,Masters/othermasters/MEAPmigration/barbadosephemera/images/barb_eph_rs0033_0004.tif,Page,Page 4,4
ark:/21198/z1vq4vq5,ark:/21198/z13n40q9,Masters/othermasters/MEAPmigration/barbadosephemera/images/barb_eph_rs0033_0005.tif,Page,Page 5,5
ark:/21198/z1vq4vq5,ark:/21198/z1zw3h54,Masters/othermasters/MEAPmigration/barbadosephemera/images/barb_eph_rs0033_0006.tif,Page,Page 6,6
ark:/21198/z1vq4vq5,ark:/21198/z1v42rfq,Masters/othermasters/MEAPmigration/barbadosephemera/images/barb_eph_rs0033_0007.tif,Page,Page 7,7
ark:/21198/z1vq4vq5,ark:/21198/z1qg0q55,Masters/othermasters/MEAPmigration/barbadosephemera/images/barb_eph_rs0033_0008.tif,Page,Page 8,8
ark:/21198/z1vq4vq5,ark:/21198/z1kp9zfw,Masters/othermasters/MEAPmigration/barbadosephemera/images/barb_eph_rs0033_0009.tif,Page,Page 9,9
ark:/21198/z1vq4vq5,ark:/21198/z1fx96sf,Masters/othermasters/MEAPmigration/barbadosephemera/images/barb_eph_rs0033_0010.tif,Page,Page 10,10
ark:/21198/z1vq4vq5,ark:/21198/z1b58g2f,Masters/othermasters/MEAPmigration/barbadosephemera/images/barb_eph_rs0033_0011.tif,Page,Page 11,11
ark:/21198/z1vq4vq5,ark:/21198/z16d7q98,Masters/othermasters/MEAPmigration/barbadosephemera/images/barb_eph_rs0033_0012.tif,Page,Page 12,12
ark:/21198/z1vq4vq5,ark:/21198/z12n6zhn,Masters/othermasters/MEAPmigration/barbadosephemera/images/barb_eph_rs0033_0013.tif,Page,Page 13,13
ark:/21198/z1vq4vq5,ark:/21198/z1xw6g26,Masters/othermasters/MEAPmigration/barbadosephemera/images/barb_eph_rs0033_0014.tif,Page,Page 14,14
ark:/21198/z1qz441p,ark:/21198/z1t74dp6,Masters/othermasters/MEAPmigration/barbadosephemera/images/barb_eph_rs0034_0001.tif,Page,Page 1,1
ark:/21198/z1qz441p,ark:/21198/z1pg3p0b,Masters/othermasters/MEAPmigration/barbadosephemera/images/barb_eph_rs0034_0002.tif,Page,Page 2,2
ark:/21198/z1qz441p,ark:/21198/z1jq2x92,Masters/othermasters/MEAPmigration/barbadosephemera/images/barb_eph_rs0034_0003.tif,Page,Page 3,3
ark:/21198/z1qz441p,ark:/21198/z1dz25nm,Masters/othermasters/MEAPmigration/barbadosephemera/images/barb_eph_rs0034_0004.tif,Page,Page 4,4
ark:/21198/z1qz441p,ark:/21198/z1961dv9,Masters/othermasters/MEAPmigration/barbadosephemera/images/barb_eph_rs0034_0005.tif,Page,Page 5,5
ark:/21198/z1qz441p,ark:/21198/z15f0p3j,Masters/othermasters/MEAPmigration/barbadosephemera/images/barb_eph_rs0034_0006.tif,Page,Page 6,6
ark:/21198/z1qz441p,ark:/21198/z11n9xc8,Masters/othermasters/MEAPmigration/barbadosephemera/images/barb_eph_rs0034_0007.tif,Page,Page 7,7
ark:/21198/z1qz441p,ark:/21198/z1x0848j,Masters/othermasters/MEAPmigration/barbadosephemera/images/barb_eph_rs0034_0008.tif,Page,Page 8,8
ark:/21198/z1qz441p,ark:/21198/z1s77ck8,Masters/othermasters/MEAPmigration/barbadosephemera/images/barb_eph_rs0034_0009.tif,Page,Page 9,9
ark:/21198/z1qz441p,ark:/21198/z1ng6mxf,Masters/othermasters/MEAPmigration/barbadosephemera/images/barb_eph_rs0034_0010.tif,Page,Page 10,10
ark:/21198/z1qz441p,ark:/21198/z1hq5w7k,Masters/othermasters/MEAPmigration/barbadosephemera/images/barb_eph_rs0034_0011.tif,Page,Page 11,11
ark:/21198/z1qz441p,ark:/21198/z1cz54gs,Masters/othermasters/MEAPmigration/barbadosephemera/images/barb_eph_rs0034_0012.tif,Page,Page 12,12
ark:/21198/z1qz441p,ark:/21198/z1864cpg,Masters/othermasters/MEAPmigration/barbadosephemera/images/barb_eph_rs0034_0013.tif,Page,Page 13,13
ark:/21198/z1m63cdm,ark:/21198/z14f3n0m,Masters/othermasters/MEAPmigration/barbadosephemera/images/barb_eph_rs0035_0001.tif,Page,Page 1,1
ark:/21198/z1m63cdm,ark:/21198/z10s1knr,Masters/othermasters/MEAPmigration/barbadosephemera/images/barb_eph_rs0035_0002.tif,Page,Page 2,2
ark:/21198/z1gj1b25,ark:/21198/z1w1136m,Masters/othermasters/MEAPmigration/barbadosephemera/images/barb_eph_rs0036_0001.tif,Page,Page 1,1
ark:/21198/z1gj1b25,ark:/21198/z1r80bjs,Masters/othermasters/MEAPmigration/barbadosephemera/images/barb_eph_rs0036_0002.tif,Page,Page 2,2
ark:/21198/z1gj1b25,ark:/21198/z1mg9kth,Masters/othermasters/MEAPmigration/barbadosephemera/images/barb_eph_rs0036_0003.tif,Page,Page 3,3
ark:/21198/z1gj1b25,ark:/21198/z1gq8v2r,Masters/othermasters/MEAPmigration/barbadosephemera/images/barb_eph_rs0036_0004.tif,Page,Page 4,4
ark:/21198/z1gj1b25,ark:/21198/z1bz839z,Masters/othermasters/MEAPmigration/barbadosephemera/images/barb_eph_rs0036_0005.tif,Page,Page 5,5
ark:/21198/z1gj1b25,ark:/21198/z1767bm0,Masters/othermasters/MEAPmigration/barbadosephemera/images/barb_eph_rs0036_0006.tif,Page,Page 6,6
ark:/21198/z1gj1b25,ark:/21198/z13j596n,Masters/othermasters/MEAPmigration/barbadosephemera/images/barb_eph_rs0036_0007.tif,Page,Page 7,7
ark:/21198/z1gj1b25,ark:/21198/z1zs4ssv,Masters/othermasters/MEAPmigration/barbadosephemera/images/barb_eph_rs0036_0008.tif,Page,Page 8,8
ark:/21198/z1bs0k90,ark:/21198/z1v1423p,Masters/othermasters/MEAPmigration/barbadosephemera/images/barb_eph_rs0037_0001.tif,Page,Page 1,1
ark:/21198/z1bs0k90,ark:/21198/z1q839dd,Masters/othermasters/MEAPmigration/barbadosephemera/images/barb_eph_rs0037_0002.tif,Page,Page 2,2
ark:/21198/z1bs0k90,ark:/21198/z1kh2jms,Masters/othermasters/MEAPmigration/barbadosephemera/images/barb_eph_rs0037_0003.tif,Page,Page 3,3
ark:/21198/z1bs0k90,ark:/21198/z1fr1sw2,Masters/othermasters/MEAPmigration/barbadosephemera/images/barb_eph_rs0037_0004.tif,Page,Page 4,4
ark:/21198/z1bs0k90,ark:/21198/z1b0125f,Masters/othermasters/MEAPmigration/barbadosephemera/images/barb_eph_rs0037_0005.tif,Page,Page 5,5
ark:/21198/z1bs0k90,ark:/21198/z16990t1,Masters/othermasters/MEAPmigration/barbadosephemera/images/barb_eph_rs0037_0006.tif,Page,Page 6,6
ark:/21198/z1bs0k90,ark:/21198/z12j8845,Masters/othermasters/MEAPmigration/barbadosephemera/images/barb_eph_rs0037_0007.tif,Page,Page 7,7
ark:/21198/z1bs0k90,ark:/21198/z1xs7rqc,Masters/othermasters/MEAPmigration/barbadosephemera/images/barb_eph_rs0037_0008.tif,Page,Page 8,8
ark:/21198/z1bs0k90,ark:/21198/z1t1710r,Masters/othermasters/MEAPmigration/barbadosephemera/images/barb_eph_rs0037_0009.tif,Page,Page 9,9
ark:/21198/z1bs0k90,ark:/21198/z1p86864,Masters/othermasters/MEAPmigration/barbadosephemera/images/barb_eph_rs0037_0010.tif,Page,Page 10,10
ark:/21198/z1bs0k90,ark:/21198/z1jh5hfz,Masters/othermasters/MEAPmigration/barbadosephemera/images/barb_eph_rs0037_0011.tif,Page,Page 11,11
ark:/21198/z1bs0k90,ark:/21198/z1dv3g5d,Masters/othermasters/MEAPmigration/barbadosephemera/images/barb_eph_rs0037_0012.tif,Page,Page 12,12
ark:/21198/z1bs0k90,ark:/21198/z1932qf0,Masters/othermasters/MEAPmigration/barbadosephemera/images/barb_eph_rs0037_0013.tif,Page,Page 13,13
ark:/21198/z1bs0k90,ark:/21198/z15b1zs5,Masters/othermasters/MEAPmigration/barbadosephemera/images/barb_eph_rs0037_0014.tif,Page,Page 14,14
ark:/21198/z1bs0k90,ark:/21198/z11k1744,Masters/othermasters/MEAPmigration/barbadosephemera/images/barb_eph_rs0037_0015.tif,Page,Page 15,15
ark:/21198/z1bs0k90,ark:/21198/z1wt0qkj,Masters/othermasters/MEAPmigration/barbadosephemera/images/barb_eph_rs0037_0016.tif,Page,Page 16,16
ark:/21198/z1709tjk,ark:/21198/z1s19zt4,Masters/othermasters/MEAPmigration/barbadosephemera/images/barb_eph_rs0038_0001.tif,Page,Page 1,1
ark:/21198/z1709tjk,ark:/21198/z1n8972r,Masters/othermasters/MEAPmigration/barbadosephemera/images/barb_eph_rs0038_0002.tif,Page,Page 2,2
ark:/21198/z1709tjk,ark:/21198/z1hm75qw,Masters/othermasters/MEAPmigration/barbadosephemera/images/barb_eph_rs0038_0003.tif,Page,Page 3,3
ark:/21198/z1709tjk,ark:/21198/z1cv6f0k,Masters/othermasters/MEAPmigration/barbadosephemera/images/barb_eph_rs0038_0004.tif,Page,Page 4,4
ark:/21198/z1709tjk,ark:/21198/z1835pb2,Masters/othermasters/MEAPmigration/barbadosephemera/images/barb_eph_rs0038_0005.tif,Page,Page 5,5
ark:/21198/z1709tjk,ark:/21198/z14b4xns,Masters/othermasters/MEAPmigration/barbadosephemera/images/barb_eph_rs0038_0006.tif,Page,Page 6,6
ark:/21198/z1709tjk,ark:/21198/z10k45xf,Masters/othermasters/MEAPmigration/barbadosephemera/images/barb_eph_rs0038_0007.tif,Page,Page 7,7
ark:/21198/z1709tjk,ark:/21198/z1vt3pc8,Masters/othermasters/MEAPmigration/barbadosephemera/images/barb_eph_rs0038_0008.tif,Page,Page 8,8
ark:/21198/z1709tjk,ark:/21198/z1r22xnv,Masters/othermasters/MEAPmigration/barbadosephemera/images/barb_eph_rs0038_0009.tif,Page,Page 9,9
ark:/21198/z1709tjk,ark:/21198/z1md0w9d,Masters/othermasters/MEAPmigration/barbadosephemera/images/barb_eph_rs0038_0010.tif,Page,Page 10,10
ark:/21198/z1709tjk,ark:/21198/z1gn04k2,Masters/othermasters/MEAPmigration/barbadosephemera/images/barb_eph_rs0038_0011.tif,Page,Page 11,11
ark:/21198/z1709tjk,ark:/21198/z1bv9cxp,Masters/othermasters/MEAPmigration/barbadosephemera/images/barb_eph_rs0038_0012.tif,Page,Page 12,12
ark:/21198/z1709tjk,ark:/21198/z1738n74,Masters/othermasters/MEAPmigration/barbadosephemera/images/barb_eph_rs0038_0013.tif,Page,Page 13,13
ark:/21198/z1709tjk,ark:/21198/z13b7wgz,Masters/othermasters/MEAPmigration/barbadosephemera/images/barb_eph_rs0038_0014.tif,Page,Page 14,14
ark:/21198/z1709tjk,ark:/21198/z1zk7cz6,Masters/othermasters/MEAPmigration/barbadosephemera/images/barb_eph_rs0038_0015.tif,Page,Page 15,15
ark:/21198/z1709tjk,ark:/21198/z1tt6n6f,Masters/othermasters/MEAPmigration/barbadosephemera/images/barb_eph_rs0038_0016.tif,Page,Page 16,16
ark:/21198/z1709tjk,ark:/21198/z1q54kxs,Masters/othermasters/MEAPmigration/barbadosephemera/images/barb_eph_rs0038_0017.tif,Page,Page 17,17
ark:/21198/z1709tjk,ark:/21198/z1kd3v6g,Masters/othermasters/MEAPmigration/barbadosephemera/images/barb_eph_rs0038_0018.tif,Page,Page 18,18
ark:/21198/z1709tjk,ark:/21198/z1fn33hk,Masters/othermasters/MEAPmigration/barbadosephemera/images/barb_eph_rs0038_0019.tif,Page,Page 19,19
ark:/21198/z1709tjk,ark:/21198/z19w2bvr,Masters/othermasters/MEAPmigration/barbadosephemera/images/barb_eph_rs0038_0020.tif,Page,Page 20,20
ark:/21198/z1709tjk,ark:/21198/z1641m2v,Masters/othermasters/MEAPmigration/barbadosephemera/images/barb_eph_rs0038_0021.tif,Page,Page 21,21
ark:/21198/z1709tjk,ark:/21198/z12c0v9p,Masters/othermasters/MEAPmigration/barbadosephemera/images/barb_eph_rs0038_0022.tif,Page,Page 22,22
ark:/21198/z13792rb,ark:/21198/z1xm0btc,Masters/othermasters/MEAPmigration/barbadosephemera/images/barb_eph_rs0039_0001.tif,Page,Page 1,1
ark:/21198/z13792rb,ark:/21198/z1sx89gc,Masters/othermasters/MEAPmigration/barbadosephemera/images/barb_eph_rs0039_0002.tif,Page,Page 2,2
ark:/21198/z13792rb,ark:/21198/z1p57jsd,Masters/othermasters/MEAPmigration/barbadosephemera/images/barb_eph_rs0039_0003.tif,Page,Page 3,3
ark:/21198/z13792rb,ark:/21198/z1jd6t3j,Masters/othermasters/MEAPmigration/barbadosephemera/images/barb_eph_rs0039_0004.tif,Page,Page 4,4
ark:/21198/z13792rb,ark:/21198/z1dn62c6,Masters/othermasters/MEAPmigration/barbadosephemera/images/barb_eph_rs0039_0005.tif,Page,Page 5,5
ark:/21198/z13792rb,ark:/21198/z18w59ng,Masters/othermasters/MEAPmigration/barbadosephemera/images/barb_eph_rs0039_0006.tif,Page,Page 6,6
ark:/21198/z13792rb,ark:/21198/z1544jv5,Masters/othermasters/MEAPmigration/barbadosephemera/images/barb_eph_rs0039_0007.tif,Page,Page 7,7
ark:/21198/z13792rb,ark:/21198/z11c3t4v,Masters/othermasters/MEAPmigration/barbadosephemera/images/barb_eph_rs0039_0008.tif,Page,Page 8,8
ark:/21198/z13792rb,ark:/21198/z1wq2128,Masters/othermasters/MEAPmigration/barbadosephemera/images/barb_eph_rs0039_0009.tif,Page,Page 9,9
ark:/21198/z13792rb,ark:/21198/z1rz18bj,Masters/othermasters/MEAPmigration/barbadosephemera/images/barb_eph_rs0039_0010.tif,Page,Page 10,10
ark:/21198/z13792rb,ark:/21198/z1n60hp1,Masters/othermasters/MEAPmigration/barbadosephemera/images/barb_eph_rs0039_0011.tif,Page,Page 11,11
ark:/21198/z13792rb,ark:/21198/z1hd9s0m,Masters/othermasters/MEAPmigration/barbadosephemera/images/barb_eph_rs0039_0012.tif,Page,Page 12,12
ark:/21198/z13792rb,ark:/21198/z1cn916c,Masters/othermasters/MEAPmigration/barbadosephemera/images/barb_eph_rs0039_0013.tif,Page,Page 13,13
ark:/21198/z13792rb,ark:/21198/z17w88dr,Masters/othermasters/MEAPmigration/barbadosephemera/images/barb_eph_rs0039_0014.tif,Page,Page 14,14
ark:/21198/z13792rb,ark:/21198/z1447hqs,Masters/othermasters/MEAPmigration/barbadosephemera/images/barb_eph_rs0039_0015.tif,Page,Page 15,15
ark:/21198/z13792rb,ark:/21198/z10g5gds,Masters/othermasters/MEAPmigration/barbadosephemera/images/barb_eph_rs0039_0016.tif,Page,Page 16,16
ark:/21198/z1zg8k82,ark:/21198/z1vq4zzj,Masters/othermasters/MEAPmigration/barbadosephemera/images/barb_eph_rs0040_0001.tif,Page,Page 1,1
ark:/21198/z1zg8k82,ark:/21198/z1qz4782,Masters/othermasters/MEAPmigration/barbadosephemera/images/barb_eph_rs0040_0002.tif,Page,Page 2,2
ark:/21198/z1zg8k82,ark:/21198/z1m63gmj,Masters/othermasters/MEAPmigration/barbadosephemera/images/barb_eph_rs0040_0003.tif,Page,Page 3,3
ark:/21198/z1zg8k82,ark:/21198/z1gf2qtx,Masters/othermasters/MEAPmigration/barbadosephemera/images/barb_eph_rs0040_0004.tif,Page,Page 4,4
ark:/21198/z1zg8k82,ark:/21198/z1bp202j,Masters/othermasters/MEAPmigration/barbadosephemera/images/barb_eph_rs0040_0005.tif,Page,Page 5,5
ark:/21198/z1zg8k82,ark:/21198/z16x17bt,Masters/othermasters/MEAPmigration/barbadosephemera/images/barb_eph_rs0040_0006.tif,Page,Page 6,6
ark:/21198/z1zg8k82,ark:/21198/z13795z8,Masters/othermasters/MEAPmigration/barbadosephemera/images/barb_eph_rs0040_0007.tif,Page,Page 7,7
ark:/21198/z1zg8k82,ark:/21198/z1zg8phf,Masters/othermasters/MEAPmigration/barbadosephemera/images/barb_eph_rs0040_0008.tif,Page,Page 8,8
ark:/21198/z1zg8k82,ark:/21198/z1tq7xvm,Masters/othermasters/MEAPmigration/barbadosephemera/images/barb_eph_rs0040_0009.tif,Page,Page 9,9
ark:/21198/z1zg8k82,ark:/21198/z1pz764p,Masters/othermasters/MEAPmigration/barbadosephemera/images/barb_eph_rs0040_0010.tif,Page,Page 10,10
ark:/21198/z1zg8k82,ark:/21198/z1k66fct,Masters/othermasters/MEAPmigration/barbadosephemera/images/barb_eph_rs0040_0011.tif,Page,Page 11,11
ark:/21198/z1zg8k82,ark:/21198/z1ff5pmn,Masters/othermasters/MEAPmigration/barbadosephemera/images/barb_eph_rs0040_0012.tif,Page,Page 12,12
ark:/21198/z1zg8k82,ark:/21198/z19p4xxc,Masters/othermasters/MEAPmigration/barbadosephemera/images/barb_eph_rs0040_0013.tif,Page,Page 13,13
ark:/21198/z1zg8k82,ark:/21198/z1612wjs,Masters/othermasters/MEAPmigration/barbadosephemera/images/barb_eph_rs0040_0014.tif,Page,Page 14,14
ark:/21198/z1zg8k82,ark:/21198/z12824vw,Masters/othermasters/MEAPmigration/barbadosephemera/images/barb_eph_rs0040_0015.tif,Page,Page 15,15
ark:/21198/z1zg8k82,ark:/21198/z1xh1nfh,Masters/othermasters/MEAPmigration/barbadosephemera/images/barb_eph_rs0040_0016.tif,Page,Page 16,16
ark:/21198/z1zg8k82,ark:/21198/z1sr0wqs,Masters/othermasters/MEAPmigration/barbadosephemera/images/barb_eph_rs0040_0017.tif,Page,Page 17,17
ark:/21198/z1zg8k82,ark:/21198/z1p004xv,Masters/othermasters/MEAPmigration/barbadosephemera/images/barb_eph_rs0040_0018.tif,Page,Page 18,18
ark:/21198/z1zg8k82,ark:/21198/z1j69d5j,Masters/othermasters/MEAPmigration/barbadosephemera/images/barb_eph_rs0040_0019.tif,Page,Page 19,19
ark:/21198/z1zg8k82,ark:/21198/z1df8ng8,Masters/othermasters/MEAPmigration/barbadosephemera/images/barb_eph_rs0040_0020.tif,Page,Page 20,20
ark:/21198/z1zg8k82,ark:/21198/z18s6m58,Masters/othermasters/MEAPmigration/barbadosephemera/images/barb_eph_rs0040_0021.tif,Page,Page 21,21
ark:/21198/z1zg8k82,ark:/21198/z1515vhr,Masters/othermasters/MEAPmigration/barbadosephemera/images/barb_eph_rs0040_0022.tif,Page,Page 22,22
ark:/21198/z1tq7tm7,ark:/21198/z11853tv,Masters/othermasters/MEAPmigration/barbadosephemera/images/barb_eph_rs0041_0001.tif,Page,Page 1,1
ark:/21198/z1tq7tm7,ark:/21198/z1wh4mbk,Masters/othermasters/MEAPmigration/barbadosephemera/images/barb_eph_rs0041_0002.tif,Page,Page 2,2
ark:/21198/z1tq7tm7,ark:/21198/z1rr3vjz,Masters/othermasters/MEAPmigration/barbadosephemera/images/barb_eph_rs0041_0003.tif,Page,Page 3,3
ark:/21198/z1tq7tm7,ark:/21198/z1n033tx,Masters/othermasters/MEAPmigration/barbadosephemera/images/barb_eph_rs0041_0004.tif,Page,Page 4,4
ark:/21198/z1tq7tm7,ark:/21198/z1hb12gg,Masters/othermasters/MEAPmigration/barbadosephemera/images/barb_eph_rs0041_0005.tif,Page,Page 5,5
ark:/21198/z1tq7tm7,ark:/21198/z1ck09rr,Masters/othermasters/MEAPmigration/barbadosephemera/images/barb_eph_rs0041_0006.tif,Page,Page 6,6
ark:/21198/z1tq7tm7,ark:/21198/z17s9k2b,Masters/othermasters/MEAPmigration/barbadosephemera/images/barb_eph_rs0041_0007.tif,Page,Page 7,7
ark:/21198/z1tq7tm7,ark:/21198/z1418tdt,Masters/othermasters/MEAPmigration/barbadosephemera/images/barb_eph_rs0041_0008.tif,Page,Page 8,8
ark:/21198/z1tq7tm7,ark:/21198/z10882n1,Masters/othermasters/MEAPmigration/barbadosephemera/images/barb_eph_rs0041_0009.tif,Page,Page 9,9
ark:/21198/z1tq7tm7,ark:/21198/z1vh7k5r,Masters/othermasters/MEAPmigration/barbadosephemera/images/barb_eph_rs0041_0010.tif,Page,Page 10,10
ark:/21198/z1tq7tm7,ark:/21198/z1qr6tdk,Masters/othermasters/MEAPmigration/barbadosephemera/images/barb_eph_rs0041_0011.tif,Page,Page 11,11
ark:/21198/z1tq7tm7,ark:/21198/z1m34s10,Masters/othermasters/MEAPmigration/barbadosephemera/images/barb_eph_rs0041_0012.tif,Page,Page 12,12
ark:/21198/z1tq7tm7,ark:/21198/z1gb419n,Masters/othermasters/MEAPmigration/barbadosephemera/images/barb_eph_rs0041_0013.tif,Page,Page 13,13
ark:/21198/z1tq7tm7,ark:/21198/z1bk38nt,Masters/othermasters/MEAPmigration/barbadosephemera/images/barb_eph_rs0041_0014.tif,Page,Page 14,14
ark:/21198/z1tq7tm7,ark:/21198/z16t2j0d,Masters/othermasters/MEAPmigration/barbadosephemera/images/barb_eph_rs0041_0015.tif,Page,Page 15,15
ark:/21198/z1tq7tm7,ark:/21198/z1321s7j,Masters/othermasters/MEAPmigration/barbadosephemera/images/barb_eph_rs0041_0016.tif,Page,Page 16,16
ark:/21198/z1pz72xb,ark:/21198/z1z918qs,Masters/othermasters/MEAPmigration/barbadosephemera/images/barb_eph_rs0042_0001.tif,Page,Page 1,1
ark:/21198/z1pz72xb,ark:/21198/z1tj0hzm,Masters/othermasters/MEAPmigration/barbadosephemera/images/barb_eph_rs0042_0002.tif,Page,Page 2,2
ark:/21198/z1pz72xb,ark:/21198/z1pv8gph,Masters/othermasters/MEAPmigration/barbadosephemera/images/barb_eph_rs0042_0003.tif,Page,Page 3,3
ark:/21198/z1pz72xb,ark:/21198/z1k37qz3,Masters/othermasters/MEAPmigration/barbadosephemera/images/barb_eph_rs0042_0004.tif,Page,Page 4,4
ark:/21198/z1k951n3,ark:/21198/z1fb708m,Masters/othermasters/MEAPmigration/barbadosephemera/images/barb_eph_rs0043_0001.tif,Page,Page 1,1
ark:/21198/z1k951n3,ark:/21198/z19k67kb,Masters/othermasters/MEAPmigration/barbadosephemera/images/barb_eph_rs0043_0002.tif,Page,Page 2,2
ark:/21198/z1k951n3,ark:/21198/z15t5gvm,Masters/othermasters/MEAPmigration/barbadosephemera/images/barb_eph_rs0043_0003.tif,Page,Page 3,3
ark:/21198/z1fj48zt,ark:/21198/z1224r2q,Masters/othermasters/MEAPmigration/barbadosephemera/images/barb_eph_rs0044_0001.tif,Page,Page 1,1
ark:/21198/z19s3j45,ark:/21198/z1x947kd,Masters/othermasters/MEAPmigration/barbadosephemera/images/barb_eph_rs0045_0001.tif,Page,Page 1,1
ark:/21198/z19s3j45,ark:/21198/z1sn268d,Masters/othermasters/MEAPmigration/barbadosephemera/images/barb_eph_rs0045_0002.tif,Page,Page 2,2
ark:/21198/z19s3j45,ark:/21198/z1nw1fjp,Masters/othermasters/MEAPmigration/barbadosephemera/images/barb_eph_rs0045_0003.tif,Page,Page 3,3
ark:/21198/z19s3j45,ark:/21198/z1j40pvq,Masters/othermasters/MEAPmigration/barbadosephemera/images/barb_eph_rs0045_0004.tif,Page,Page 4,4
ark:/21198/z19s3j45,ark:/21198/z1db9z6r,Masters/othermasters/MEAPmigration/barbadosephemera/images/barb_eph_rs0045_0005.tif,Page,Page 5,5
ark:/21198/z19s3j45,ark:/21198/z18k96dh,Masters/othermasters/MEAPmigration/barbadosephemera/images/barb_eph_rs0045_0006.tif,Page,Page 6,6
ark:/21198/z1612sc9,ark:/21198/z14t8fps,Masters/othermasters/MEAPmigration/barbadosephemera/images/barb_eph_rs0046_0001.tif,Page,Page 1,1
ark:/21198/z1612sc9,ark:/21198/z1127pxx,Masters/othermasters/MEAPmigration/barbadosephemera/images/barb_eph_rs0046_0002.tif,Page,Page 2,2
ark:/21198/z1612sc9,ark:/21198/z1wd5wvz,Masters/othermasters/MEAPmigration/barbadosephemera/images/barb_eph_rs0046_0003.tif,Page,Page 3,3
ark:/21198/z1612sc9,ark:/21198/z1rn5541,Masters/othermasters/MEAPmigration/barbadosephemera/images/barb_eph_rs0046_0004.tif,Page,Page 4,4
ark:/21198/z1612sc9,ark:/21198/z1mw4dfr,Masters/othermasters/MEAPmigration/barbadosephemera/images/barb_eph_rs0046_0005.tif,Page,Page 5,5
ark:/21198/z1612sc9,ark:/21198/z1h43ns7,Masters/othermasters/MEAPmigration/barbadosephemera/images/barb_eph_rs0046_0006.tif,Page,Page 6,6
ark:/21198/z1612sc9,ark:/21198/z1cc2x1g,Masters/othermasters/MEAPmigration/barbadosephemera/images/barb_eph_rs0046_0007.tif,Page,Page 7,7
ark:/21198/z1612sc9,ark:/21198/z17m256s,Masters/othermasters/MEAPmigration/barbadosephemera/images/barb_eph_rs0046_0008.tif,Page,Page 8,8
ark:/21198/z12821nz,ark:/21198/z13v1dg2,Masters/othermasters/MEAPmigration/barbadosephemera/images/barb_eph_rs0047_0001.tif,Page,Page 1,1
ark:/21198/z12821nz,ark:/21198/z1059c7q,Masters/othermasters/MEAPmigration/barbadosephemera/images/barb_eph_rs0047_0002.tif,Page,Page 2,2
ark:/21198/z12821nz,ark:/21198/z1vd8vr1,Masters/othermasters/MEAPmigration/barbadosephemera/images/barb_eph_rs0047_0003.tif,Page,Page 3,3
ark:/21198/z12821nz,ark:/21198/z1qn8430,Masters/othermasters/MEAPmigration/barbadosephemera/images/barb_eph_rs0047_0004.tif,Page,Page 4,4
ark:/21198/z12821nz,ark:/21198/z1kw7cc8,Masters/othermasters/MEAPmigration/barbadosephemera/images/barb_eph_rs0047_0005.tif,Page,Page 5,5
ark:/21198/z12821nz,ark:/21198/z1g46mnv,Masters/othermasters/MEAPmigration/barbadosephemera/images/barb_eph_rs0047_0006.tif,Page,Page 6,6
ark:/21198/z12821nz,ark:/21198/z1bc5vts,Masters/othermasters/MEAPmigration/barbadosephemera/images/barb_eph_rs0047_0007.tif,Page,Page 7,7
ark:/21198/z12821nz,ark:/21198/z16m543v,Masters/othermasters/MEAPmigration/barbadosephemera/images/barb_eph_rs0047_0008.tif,Page,Page 8,8
ark:/21198/z12821nz,ark:/21198/z12z32tw,Masters/othermasters/MEAPmigration/barbadosephemera/images/barb_eph_rs0047_0009.tif,Page,Page 9,9
ark:/21198/z12821nz,ark:/21198/z1z62kbx,Masters/othermasters/MEAPmigration/barbadosephemera/images/barb_eph_rs0047_0010.tif,Page,Page 10,10
ark:/21198/z12821nz,ark:/21198/z1tf1tnn,Masters/othermasters/MEAPmigration/barbadosephemera/images/barb_eph_rs0047_0011.tif,Page,Page 11,11
ark:/21198/z12821nz,ark:/21198/z1pp130m,Masters/othermasters/MEAPmigration/barbadosephemera/images/barb_eph_rs0047_0012.tif,Page,Page 12,12
ark:/21198/z1xh1j7k,ark:/21198/z1jx0b60,Masters/othermasters/MEAPmigration/barbadosephemera/images/barb_eph_rs0048_0001.tif,Page,Page 1,1
ark:/21198/z1xh1j7k,ark:/21198/z1f49kfk,Masters/othermasters/MEAPmigration/barbadosephemera/images/barb_eph_rs0048_0002.tif,Page,Page 2,2
ark:/21198/z1xh1j7k,ark:/21198/z19c8tqv,Masters/othermasters/MEAPmigration/barbadosephemera/images/barb_eph_rs0048_0003.tif,Page,Page 3,3
ark:/21198/z1xh1j7k,ark:/21198/z15q6sbz,Masters/othermasters/MEAPmigration/barbadosephemera/images/barb_eph_rs0048_0004.tif,Page,Page 4,4
ark:/21198/z1xh1j7k,ark:/21198/z11z61ph,Masters/othermasters/MEAPmigration/barbadosephemera/images/barb_eph_rs0048_0005.tif,Page,Page 5,5
ark:/21198/z1xh1j7k,ark:/21198/z1x65j70,Masters/othermasters/MEAPmigration/barbadosephemera/images/barb_eph_rs0048_0006.tif,Page,Page 6,6
ark:/21198/z1xh1j7k,ark:/21198/z1sf4sh8,Masters/othermasters/MEAPmigration/barbadosephemera/images/barb_eph_rs0048_0007.tif,Page,Page 7,7
ark:/21198/z1xh1j7k,ark:/21198/z1np41q1,Masters/othermasters/MEAPmigration/barbadosephemera/images/barb_eph_rs0048_0008.tif,Page,Page 8,8
ark:/21198/z1xh1j7k,ark:/21198/z1hx38zv,Masters/othermasters/MEAPmigration/barbadosephemera/images/barb_eph_rs0048_0009.tif,Page,Page 9,9
ark:/21198/z1xh1j7k,ark:/21198/z1d52j7v,Masters/othermasters/MEAPmigration/barbadosephemera/images/barb_eph_rs0048_0010.tif,Page,Page 10,10
ark:/21198/z1xh1j7k,ark:/21198/z18h0h0r,Masters/othermasters/MEAPmigration/barbadosephemera/images/barb_eph_rs0048_0011.tif,Page,Page 11,11
ark:/21198/z1xh1j7k,ark:/21198/z14q9r8g,Masters/othermasters/MEAPmigration/barbadosephemera/images/barb_eph_rs0048_0012.tif,Page,Page 12,12
ark:/21198/z1sr0sj9,ark:/21198/z10z90m1,Masters/othermasters/MEAPmigration/barbadosephemera/images/barb_eph_rs0049_0001.tif,Page,Page 1,1
ark:/21198/z1sr0sj9,ark:/21198/z1w68h3m,Masters/othermasters/MEAPmigration/barbadosephemera/images/barb_eph_rs0049_0002.tif,Page,Page 2,2
ark:/21198/z1sr0sj9,ark:/21198/z1rf7rbf,Masters/othermasters/MEAPmigration/barbadosephemera/images/barb_eph_rs0049_0003.tif,Page,Page 3,3
ark:/21198/z1sr0sj9,ark:/21198/z1mp70j6,Masters/othermasters/MEAPmigration/barbadosephemera/images/barb_eph_rs0049_0004.tif,Page,Page 4,4
ark:/21198/z1sr0sj9,ark:/21198/z1h14z91,Masters/othermasters/MEAPmigration/barbadosephemera/images/barb_eph_rs0049_0005.tif,Page,Page 5,5
ark:/21198/z1sr0sj9,ark:/21198/z1c846kp,Masters/othermasters/MEAPmigration/barbadosephemera/images/barb_eph_rs0049_0006.tif,Page,Page 6,6
ark:/21198/z1sr0sj9,ark:/21198/z17h3fwd,Masters/othermasters/MEAPmigration/barbadosephemera/images/barb_eph_rs0049_0007.tif,Page,Page 7,7
ark:/21198/z1sr0sj9,ark:/21198/z13r2q6j,Masters/othermasters/MEAPmigration/barbadosephemera/images/barb_eph_rs0049_0008.tif,Page,Page 8,8
ark:/21198/z1sr0sj9,ark:/21198/z1001zg4,Masters/othermasters/MEAPmigration/barbadosephemera/images/barb_eph_rs0049_0009.tif,Page,Page 9,9
ark:/21198/z1sr0sj9,ark:/21198/z1v71fxx,Masters/othermasters/MEAPmigration/barbadosephemera/images/barb_eph_rs0049_0010.tif,Page,Page 10,10
ark:/21198/z1sr0sj9,ark:/21198/z1qg0q6m,Masters/othermasters/MEAPmigration/barbadosephemera/images/barb_eph_rs0049_0011.tif,Page,Page 11,11
ark:/21198/z1sr0sj9,ark:/21198/z1ks8nv6,Masters/othermasters/MEAPmigration/barbadosephemera/images/barb_eph_rs0049_0012.tif,Page,Page 12,12
ark:/21198/z1p28r72,ark:/21198/z1g17x3r,Masters/othermasters/MEAPmigration/barbadosephemera/images/barb_eph_rs0050_0001.tif,Page,Page 1,1
ark:/21198/z1p28r72,ark:/21198/z1b875f9,Masters/othermasters/MEAPmigration/barbadosephemera/images/barb_eph_rs0050_0002.tif,Page,Page 2,2
ark:/21198/z1p28r72,ark:/21198/z16h6dr1,Masters/othermasters/MEAPmigration/barbadosephemera/images/barb_eph_rs0050_0003.tif,Page,Page 3,3
ark:/21198/z1p28r72,ark:/21198/z12r5p1q,Masters/othermasters/MEAPmigration/barbadosephemera/images/barb_eph_rs0050_0004.tif,Page,Page 4,4
ark:/21198/z1p28r72,ark:/21198/z1z055fc,Masters/othermasters/MEAPmigration/barbadosephemera/images/barb_eph_rs0050_0005.tif,Page,Page 5,5
ark:/21198/z1p28r72,ark:/21198/z1t74dqn,Masters/othermasters/MEAPmigration/barbadosephemera/images/barb_eph_rs0050_0006.tif,Page,Page 6,6
ark:/21198/z1p28r72,ark:/21198/z1pk2cf3,Masters/othermasters/MEAPmigration/barbadosephemera/images/barb_eph_rs0050_0007.tif,Page,Page 7,7
ark:/21198/z1p28r72,ark:/21198/z1jt1mqc,Masters/othermasters/MEAPmigration/barbadosephemera/images/barb_eph_rs0050_0008.tif,Page,Page 8,8
ark:/21198/z1p28r72,ark:/21198/z1f20w0c,Masters/othermasters/MEAPmigration/barbadosephemera/images/barb_eph_rs0050_0009.tif,Page,Page 9,9
ark:/21198/z1p28r72,ark:/21198/z19904bx,Masters/othermasters/MEAPmigration/barbadosephemera/images/barb_eph_rs0050_0010.tif,Page,Page 10,10
ark:/21198/z1p28r72,ark:/21198/z15h9ck6,Masters/othermasters/MEAPmigration/barbadosephemera/images/barb_eph_rs0050_0011.tif,Page,Page 11,11
ark:/21198/z1p28r72,ark:/21198/z11r8mt1,Masters/othermasters/MEAPmigration/barbadosephemera/images/barb_eph_rs0050_0012.tif,Page,Page 12,12
ark:/21198/z1j980j5,ark:/21198/z1x08490,Masters/othermasters/MEAPmigration/barbadosephemera/images/barb_eph_rs0051_0001.tif,Page,Page 1,1
ark:/21198/z1j980j5,ark:/21198/z1sb632w,Masters/othermasters/MEAPmigration/barbadosephemera/images/barb_eph_rs0051_0002.tif,Page,Page 2,2
ark:/21198/z1j980j5,ark:/21198/z1nk5bb5,Masters/othermasters/MEAPmigration/barbadosephemera/images/barb_eph_rs0051_0003.tif,Page,Page 3,3
ark:/21198/z1j980j5,ark:/21198/z1ht4knw,Masters/othermasters/MEAPmigration/barbadosephemera/images/barb_eph_rs0051_0004.tif,Page,Page 4,4
ark:/21198/z1j980j5,ark:/21198/z1d23tzx,Masters/othermasters/MEAPmigration/barbadosephemera/images/barb_eph_rs0051_0005.tif,Page,Page 5,5
ark:/21198/z1j980j5,ark:/21198/z1893370,Masters/othermasters/MEAPmigration/barbadosephemera/images/barb_eph_rs0051_0006.tif,Page,Page 6,6
ark:/21198/z1j980j5,ark:/21198/z14j2bdx,Masters/othermasters/MEAPmigration/barbadosephemera/images/barb_eph_rs0051_0007.tif,Page,Page 7,7
ark:/21198/z1j980j5,ark:/21198/z10s1kp6,Masters/othermasters/MEAPmigration/barbadosephemera/images/barb_eph_rs0051_0008.tif,Page,Page 8,8
ark:/21198/z1j980j5,ark:/21198/z1w39sm0,Masters/othermasters/MEAPmigration/barbadosephemera/images/barb_eph_rs0051_0009.tif,Page,Page 9,9
ark:/21198/z1j980j5,ark:/21198/z1rb91wn,Masters/othermasters/MEAPmigration/barbadosephemera/images/barb_eph_rs0051_0010.tif,Page,Page 10,10
ark:/21198/z1j980j5,ark:/21198/z1mk896s,Masters/othermasters/MEAPmigration/barbadosephemera/images/barb_eph_rs0051_0011.tif,Page,Page 11,11
ark:/21198/z1j980j5,ark:/21198/z1gt7jhh,Masters/othermasters/MEAPmigration/barbadosephemera/images/barb_eph_rs0051_0012.tif,Page,Page 12,12
ark:/21198/z1dj77rj,ark:/21198/z1c26ss3,Masters/othermasters/MEAPmigration/barbadosephemera/images/barb_eph_rs0052_0001.tif,Page,Page 1,1
ark:/21198/z1dj77rj,ark:/21198/z17961zd,Masters/othermasters/MEAPmigration/barbadosephemera/images/barb_eph_rs0052_0002.tif,Page,Page 2,2
ark:/21198/z1dj77rj,ark:/21198/z13j5973,Masters/othermasters/MEAPmigration/barbadosephemera/images/barb_eph_rs0052_0003.tif,Page,Page 3,3
ark:/21198/z1dj77rj,ark:/21198/z1zw3h6k,Masters/othermasters/MEAPmigration/barbadosephemera/images/barb_eph_rs0052_0004.tif,Page,Page 4,4
ark:/21198/z1dj77rj,ark:/21198/z1v42rg5,Masters/othermasters/MEAPmigration/barbadosephemera/images/barb_eph_rs0052_0005.tif,Page,Page 5,5
ark:/21198/z1dj77rj,ark:/21198/z1qc20s8,Masters/othermasters/MEAPmigration/barbadosephemera/images/barb_eph_rs0052_0006.tif,Page,Page 6,6
ark:/21198/z1dj77rj,ark:/21198/z1km184v,Masters/othermasters/MEAPmigration/barbadosephemera/images/barb_eph_rs0052_0007.tif,Page,Page 7,7
ark:/21198/z1dj77rj,ark:/21198/z1fv0hb7,Masters/othermasters/MEAPmigration/barbadosephemera/images/barb_eph_rs0052_0008.tif,Page,Page 8,8
ark:/21198/z1dj77rj,ark:/21198/z1b29rkt,Masters/othermasters/MEAPmigration/barbadosephemera/images/barb_eph_rs0052_0009.tif,Page,Page 9,9
ark:/21198/z1dj77rj,ark:/21198/z16990vg,Masters/othermasters/MEAPmigration/barbadosephemera/images/barb_eph_rs0052_0010.tif,Page,Page 10,10
ark:/21198/z1dj77rj,ark:/21198/z12n6zj3,Masters/othermasters/MEAPmigration/barbadosephemera/images/barb_eph_rs0052_0011.tif,Page,Page 11,11
ark:/21198/z1dj77rj,ark:/21198/z1xw6g3n,Masters/othermasters/MEAPmigration/barbadosephemera/images/barb_eph_rs0052_0012.tif,Page,Page 12,12
ark:/21198/z18s6gzx,ark:/21198/z1t45qdp,Masters/othermasters/MEAPmigration/barbadosephemera/images/barb_eph_rs0053_0001.tif,Page,Page 1,1
ark:/21198/z18s6gzx,ark:/21198/z1pc4zqd,Masters/othermasters/MEAPmigration/barbadosephemera/images/barb_eph_rs0053_0002.tif,Page,Page 2,2
ark:/21198/z18s6gzx,ark:/21198/z1jm470g,Masters/othermasters/MEAPmigration/barbadosephemera/images/barb_eph_rs0053_0003.tif,Page,Page 3,3
ark:/21198/z18s6gzx,ark:/21198/z1dv3g6v,Masters/othermasters/MEAPmigration/barbadosephemera/images/barb_eph_rs0053_0004.tif,Page,Page 4,4
ark:/21198/z18s6gzx,ark:/21198/z1932qgf,Masters/othermasters/MEAPmigration/barbadosephemera/images/barb_eph_rs0053_0005.tif,Page,Page 5,5
ark:/21198/z18s6gzx,ark:/21198/z15f0p40,Masters/othermasters/MEAPmigration/barbadosephemera/images/barb_eph_rs0053_0006.tif,Page,Page 6,6
ark:/21198/z18s6gzx,ark:/21198/z11n9xdq,Masters/othermasters/MEAPmigration/barbadosephemera/images/barb_eph_rs0053_0007.tif,Page,Page 7,7
ark:/21198/z18s6gzx,ark:/21198/z1ww9f0q,Masters/othermasters/MEAPmigration/barbadosephemera/images/barb_eph_rs0053_0008.tif,Page,Page 8,8
ark:/21198/z18s6gzx,ark:/21198/z1s48p9r,Masters/othermasters/MEAPmigration/barbadosephemera/images/barb_eph_rs0053_0009.tif,Page,Page 9,9
ark:/21198/z18s6gzx,ark:/21198/z1nc7xjk,Masters/othermasters/MEAPmigration/barbadosephemera/images/barb_eph_rs0053_0010.tif,Page,Page 10,10
ark:/21198/z18s6gzx,ark:/21198/z1hm75rb,Masters/othermasters/MEAPmigration/barbadosephemera/images/barb_eph_rs0053_0011.tif,Page,Page 11,11
ark:/21198/z18s6gzx,ark:/21198/z1cv6f11,Masters/othermasters/MEAPmigration/barbadosephemera/images/barb_eph_rs0053_0012.tif,Page,Page 12,12
ark:/21198/z1515r8c,ark:/21198/z1864cqx,Masters/othermasters/MEAPmigration/barbadosephemera/images/barb_eph_rs0054_0001.tif,Page,Page 1,1
ark:/21198/z1515r8c,ark:/21198/z14f3n12,Masters/othermasters/MEAPmigration/barbadosephemera/images/barb_eph_rs0054_0002.tif,Page,Page 2,2
ark:/21198/z1515r8c,ark:/21198/z10p2wbs,Masters/othermasters/MEAPmigration/barbadosephemera/images/barb_eph_rs0054_0003.tif,Page,Page 3,3
ark:/21198/z1515r8c,ark:/21198/z1vx2cwx,Masters/othermasters/MEAPmigration/barbadosephemera/images/barb_eph_rs0054_0004.tif,Page,Page 4,4
ark:/21198/z1515r8c,ark:/21198/z1r51n31,Masters/othermasters/MEAPmigration/barbadosephemera/images/barb_eph_rs0054_0005.tif,Page,Page 5,5
ark:/21198/z1515r8c,ark:/21198/z1md0wbv,Masters/othermasters/MEAPmigration/barbadosephemera/images/barb_eph_rs0054_0006.tif,Page,Page 6,6
ark:/21198/z1515r8c,ark:/21198/z1gq8v36,Masters/othermasters/MEAPmigration/barbadosephemera/images/barb_eph_rs0054_0007.tif,Page,Page 7,7
ark:/21198/z1515r8c,ark:/21198/z1bz83bd,Masters/othermasters/MEAPmigration/barbadosephemera/images/barb_eph_rs0054_0008.tif,Page,Page 8,8
ark:/21198/z1515r8c,ark:/21198/z1767bnf,Masters/othermasters/MEAPmigration/barbadosephemera/images/barb_eph_rs0054_0009.tif,Page,Page 9,9
ark:/21198/z1515r8c,ark:/21198/z13f6m01,Masters/othermasters/MEAPmigration/barbadosephemera/images/barb_eph_rs0054_0010.tif,Page,Page 10,10
ark:/21198/z1515r8c,ark:/21198/z1zp63g8,Masters/othermasters/MEAPmigration/barbadosephemera/images/barb_eph_rs0054_0011.tif,Page,Page 11,11
ark:/21198/z1515r8c,ark:/21198/z1tx5brj,Masters/othermasters/MEAPmigration/barbadosephemera/images/barb_eph_rs0054_0012.tif,Page,Page 12,12
ark:/21198/z11850mx,ark:/21198/z1q54kz7,Masters/othermasters/MEAPmigration/barbadosephemera/images/barb_eph_rs0055_0001.tif,Page,Page 1,1
ark:/21198/z11850mx,ark:/21198/z1kh2jn7,Masters/othermasters/MEAPmigration/barbadosephemera/images/barb_eph_rs0055_0002.tif,Page,Page 2,2
ark:/21198/z11850mx,ark:/21198/z1fr1sxh,Masters/othermasters/MEAPmigration/barbadosephemera/images/barb_eph_rs0055_0003.tif,Page,Page 3,3
ark:/21198/z11850mx,ark:/21198/z1b0126w,Masters/othermasters/MEAPmigration/barbadosephemera/images/barb_eph_rs0055_0004.tif,Page,Page 4,4
ark:/21198/z11850mx,ark:/21198/z16709j2,Masters/othermasters/MEAPmigration/barbadosephemera/images/barb_eph_rs0055_0005.tif,Page,Page 5,5
ark:/21198/z11850mx,ark:/21198/z12f9jts,Masters/othermasters/MEAPmigration/barbadosephemera/images/barb_eph_rs0055_0006.tif,Page,Page 6,6
ark:/21198/z11850mx,ark:/21198/z1xp9280,Masters/othermasters/MEAPmigration/barbadosephemera/images/barb_eph_rs0055_0007.tif,Page,Page 7,7
ark:/21198/z11850mx,ark:/21198/z1sx89ht,Masters/othermasters/MEAPmigration/barbadosephemera/images/barb_eph_rs0055_0008.tif,Page,Page 8,8
ark:/21198/z11850mx,ark:/21198/z1p8687k,Masters/othermasters/MEAPmigration/barbadosephemera/images/barb_eph_rs0055_0009.tif,Page,Page 9,9
ark:/21198/z11850mx,ark:/21198/z1jh5hgd,Masters/othermasters/MEAPmigration/barbadosephemera/images/barb_eph_rs0055_0010.tif,Page,Page 10,10
ark:/21198/z11850mx,ark:/21198/z1dr4rs4,Masters/othermasters/MEAPmigration/barbadosephemera/images/barb_eph_rs0055_0011.tif,Page,Page 11,11
ark:/21198/z11850mx,ark:/21198/z190413z,Masters/othermasters/MEAPmigration/barbadosephemera/images/barb_eph_rs0055_0012.tif,Page,Page 12,12
ark:/21198/z1wh4h53,ark:/21198/z15738c7,Masters/othermasters/MEAPmigration/barbadosephemera/images/barb_eph_rs0056_0001.tif,Page,Page 1,1
ark:/21198/z1wh4h53,ark:/21198/z11g2hkm,Masters/othermasters/MEAPmigration/barbadosephemera/images/barb_eph_rs0056_0002.tif,Page,Page 2,2
ark:/21198/z1wh4h53,ark:/21198/z1wq213q,Masters/othermasters/MEAPmigration/barbadosephemera/images/barb_eph_rs0056_0003.tif,Page,Page 3,3
ark:/21198/z1wh4h53,ark:/21198/z1s19zvk,Masters/othermasters/MEAPmigration/barbadosephemera/images/barb_eph_rs0056_0004.tif,Page,Page 4,4
ark:/21198/z1wh4h53,ark:/21198/z1n89736,Masters/othermasters/MEAPmigration/barbadosephemera/images/barb_eph_rs0056_0005.tif,Page,Page 5,5
ark:/21198/z1wh4h53,ark:/21198/z1hh8gcg,Masters/othermasters/MEAPmigration/barbadosephemera/images/barb_eph_rs0056_0006.tif,Page,Page 6,6
ark:/21198/z1wh4h53,ark:/21198/z1cr7qqn,Masters/othermasters/MEAPmigration/barbadosephemera/images/barb_eph_rs0056_0007.tif,Page,Page 7,7
ark:/21198/z1wh4h53,ark:/21198/z1807001,Masters/othermasters/MEAPmigration/barbadosephemera/images/barb_eph_rs0056_0008.tif,Page,Page 8,8
ark:/21198/z1rv2ft7,ark:/21198/z147676d,Masters/othermasters/MEAPmigration/barbadosephemera/images/barb_eph_rs0057_0001.tif,Page,Page 1,1
ark:/21198/z1rv2ft7,ark:/21198/z10g5gf7,Masters/othermasters/MEAPmigration/barbadosephemera/images/barb_eph_rs0057_0002.tif,Page,Page 2,2
ark:/21198/z1rv2ft7,ark:/21198/z1vt3pdq,Masters/othermasters/MEAPmigration/barbadosephemera/images/barb_eph_rs0057_0003.tif,Page,Page 3,3
ark:/21198/z1rv2ft7,ark:/21198/z1r22xp9,Masters/othermasters/MEAPmigration/barbadosephemera/images/barb_eph_rs0057_0004.tif,Page,Page 4,4
ark:/21198/z1n31q2s,ark:/21198/z1m925zz,Masters/othermasters/MEAPmigration/barbadosephemera/images/barb_eph_rs0058_0001.tif,Page,Page 1,1
ark:/21198/z1n31q2s,ark:/21198/z1gj1f9j,Masters/othermasters/MEAPmigration/barbadosephemera/images/barb_eph_rs0058_0002.tif,Page,Page 2,2
ark:/21198/z1hb0z85,ark:/21198/z1bs0phx,Masters/othermasters/MEAPmigration/barbadosephemera/images/barb_eph_rs0059_0001.tif,Page,Page 1,1
ark:/21198/z1hb0z85,ark:/21198/z1709xrh,Masters/othermasters/MEAPmigration/barbadosephemera/images/barb_eph_rs0059_0002.tif,Page,Page 2,2
ark:/21198/z1hb0z85,ark:/21198/z1379604,Masters/othermasters/MEAPmigration/barbadosephemera/images/barb_eph_rs0059_0003.tif,Page,Page 3,3
ark:/21198/z1ck06hc,ark:/21198/z1zk7d02,Masters/othermasters/MEAPmigration/barbadosephemera/images/barb_eph_rs0060_0001.tif,Page,Page 1,1
ark:/21198/z1ck06hc,ark:/21198/z1tt6n7w,Masters/othermasters/MEAPmigration/barbadosephemera/images/barb_eph_rs0060_0002.tif,Page,Page 2,2
ark:/21198/z1ck06hc,ark:/21198/z1q25wjx,Masters/othermasters/MEAPmigration/barbadosephemera/images/barb_eph_rs0060_0003.tif,Page,Page 3,3
ark:/21198/z1ck06hc,ark:/21198/z1k954v1,Masters/othermasters/MEAPmigration/barbadosephemera/images/barb_eph_rs0060_0004.tif,Page,Page 4,4
ark:/21198/z1ck06hc,ark:/21198/z1fj4d4q,Masters/othermasters/MEAPmigration/barbadosephemera/images/barb_eph_rs0060_0005.tif,Page,Page 5,5
ark:/21198/z1ck06hc,ark:/21198/z19s3n9n,Masters/othermasters/MEAPmigration/barbadosephemera/images/barb_eph_rs0060_0006.tif,Page,Page 6,6
ark:/21198/z17s9fs3,ark:/21198/z1612wk7,Masters/othermasters/MEAPmigration/barbadosephemera/images/barb_eph_rs0061_0001.tif,Page,Page 1,1
ark:/21198/z17s9fs3,ark:/21198/z12c0vb4,Masters/othermasters/MEAPmigration/barbadosephemera/images/barb_eph_rs0061_0002.tif,Page,Page 2,2
ark:/21198/z17s9fs3,ark:/21198/z1xm0bvt,Masters/othermasters/MEAPmigration/barbadosephemera/images/barb_eph_rs0061_0003.tif,Page,Page 3,3
ark:/21198/z17s9fs3,ark:/21198/z1st9m4z,Masters/othermasters/MEAPmigration/barbadosephemera/images/barb_eph_rs0061_0004.tif,Page,Page 4,4
ark:/21198/z17s9fs3,ark:/21198/z1p28vgf,Masters/othermasters/MEAPmigration/barbadosephemera/images/barb_eph_rs0061_0005.tif,Page,Page 5,5
ark:/21198/z17s9fs3,ark:/21198/z1j983r3,Masters/othermasters/MEAPmigration/barbadosephemera/images/barb_eph_rs0061_0006.tif,Page,Page 6,6
ark:/21198/z17s9fs3,ark:/21198/z1dj7bzg,Masters/othermasters/MEAPmigration/barbadosephemera/images/barb_eph_rs0061_0007.tif,Page,Page 7,7
ark:/21198/z1418q5f,ark:/21198/z18s6m6q,Masters/othermasters/MEAPmigration/barbadosephemera/images/barb_eph_rs0062_0001.tif,Page,Page 1,1
ark:/21198/z1418q5f,ark:/21198/z1544jwm,Masters/othermasters/MEAPmigration/barbadosephemera/images/barb_eph_rs0062_0002.tif,Page,Page 2,2
ark:/21198/z1418q5f,ark:/21198/z11c3t59,Masters/othermasters/MEAPmigration/barbadosephemera/images/barb_eph_rs0062_0003.tif,Page,Page 3,3
ark:/21198/z1087zfq,ark:/21198/z1wm39qf,Masters/othermasters/MEAPmigration/barbadosephemera/images/barb_eph_rs0063_0001.tif,Page,Page 1,1
ark:/21198/z1087zfq,ark:/21198/z1rv2k21,Masters/othermasters/MEAPmigration/barbadosephemera/images/barb_eph_rs0063_0002.tif,Page,Page 2,2
ark:/21198/z1087zfq,ark:/21198/z1n31t8q,Masters/othermasters/MEAPmigration/barbadosephemera/images/barb_eph_rs0063_0003.tif,Page,Page 3,3
ark:/21198/z1087zfq,ark:/21198/z1hb12hx,Masters/othermasters/MEAPmigration/barbadosephemera/images/barb_eph_rs0063_0004.tif,Page,Page 4,4
ark:/21198/z1087zfq,ark:/21198/z1ck09s6,Masters/othermasters/MEAPmigration/barbadosephemera/images/barb_eph_rs0063_0005.tif,Page,Page 5,5
ark:/21198/z1087zfq,ark:/21198/z17w88f6,Masters/othermasters/MEAPmigration/barbadosephemera/images/barb_eph_rs0063_0006.tif,Page,Page 6,6
ark:/21198/z1vm65c4,ark:/21198/z1447hr7,Masters/othermasters/MEAPmigration/barbadosephemera/images/barb_eph_rs0064_0001.tif,Page,Page 1,1
ark:/21198/z1vm65c4,ark:/21198/z10c6s2c,Masters/othermasters/MEAPmigration/barbadosephemera/images/barb_eph_rs0064_0002.tif,Page,Page 2,2
ark:/21198/z1vm65c4,ark:/21198/z1vm68k2,Masters/othermasters/MEAPmigration/barbadosephemera/images/barb_eph_rs0064_0003.tif,Page,Page 3,3
ark:/21198/z1vm65c4,ark:/21198/z1qv5hvb,Masters/othermasters/MEAPmigration/barbadosephemera/images/barb_eph_rs0064_0004.tif,Page,Page 4,4
ark:/21198/z1qv5dpv,ark:/21198/z1m34s2f,Masters/othermasters/MEAPmigration/barbadosephemera/images/barb_eph_rs0065_0001.tif,Page,Page 1,1
ark:/21198/z1qv5dpv,ark:/21198/z1gb41b3,Masters/othermasters/MEAPmigration/barbadosephemera/images/barb_eph_rs0065_0002.tif,Page,Page 2,2
ark:/21198/z1qv5dpv,ark:/21198/z1bp2030,Masters/othermasters/MEAPmigration/barbadosephemera/images/barb_eph_rs0065_0003.tif,Page,Page 3,3
ark:/21198/z1m34nv3,ark:/21198/z16x17c8,Masters/othermasters/MEAPmigration/barbadosephemera/images/barb_eph_rs0066_0001.tif,Page,Page 1,1
ark:/21198/z1m34nv3,ark:/21198/z1350gp9,Masters/othermasters/MEAPmigration/barbadosephemera/images/barb_eph_rs0066_0002.tif,Page,Page 2,2
ark:/21198/z1gb3x3b,ark:/21198/z1zd007v,Masters/othermasters/MEAPmigration/barbadosephemera/images/barb_eph_rs0067_0001.tif,Page,Page 1,1
ark:/21198/z1gb3x3b,ark:/21198/z1tm97g4,Masters/othermasters/MEAPmigration/barbadosephemera/images/barb_eph_rs0067_0002.tif,Page,Page 2,2
ark:/21198/z1gb3x3b,ark:/21198/z1pv8gqz,Masters/othermasters/MEAPmigration/barbadosephemera/images/barb_eph_rs0067_0003.tif,Page,Page 3,3
ark:/21198/z1bk35df,ark:/21198/z1k66fd8,Masters/othermasters/MEAPmigration/barbadosephemera/images/barb_eph_rs0068_0001.tif,Page,Page 1,1
ark:/21198/z16t2ds2,ark:/21198/z1ff5pn3,Masters/othermasters/MEAPmigration/barbadosephemera/images/barb_eph_rs0069_0001.tif,Page,Page 1,1
ark:/21198/z1350cfx,ark:/21198/z19p4xzt,Masters/othermasters/MEAPmigration/barbadosephemera/images/barb_eph_rs0070_0001.tif,Page,Page 1,1
ark:/21198/z1350cfx,ark:/21198/z15x468b,Masters/othermasters/MEAPmigration/barbadosephemera/images/barb_eph_rs0070_0002.tif,Page,Page 2,2
ark:/21198/z1350cfx,ark:/21198/z1253fkc,Masters/othermasters/MEAPmigration/barbadosephemera/images/barb_eph_rs0070_0003.tif,Page,Page 3,3
ark:/21198/z1350cfx,ark:/21198/z1xd2z16,Masters/othermasters/MEAPmigration/barbadosephemera/images/barb_eph_rs0070_0004.tif,Page,Page 4,4
ark:/21198/z1zc9w10,ark:/21198/z1sn269v,Masters/othermasters/MEAPmigration/barbadosephemera/images/barb_eph_t0001_0001.tif,Page,Page 1,1
ark:/21198/z1zc9w10,ark:/21198/z1p004z9,Masters/othermasters/MEAPmigration/barbadosephemera/images/barb_eph_t0001_0002.tif,Page,Page 2,2
ark:/21198/z1zc9w10,ark:/21198/z1j69d60,Masters/othermasters/MEAPmigration/barbadosephemera/images/barb_eph_t0001_0003.tif,Page,Page 3,3
ark:/21198/z1zc9w10,ark:/21198/z1df8nhq,Masters/othermasters/MEAPmigration/barbadosephemera/images/barb_eph_t0001_0004.tif,Page,Page 4,4
ark:/21198/z1zc9w10,ark:/21198/z18p7wvw,Masters/othermasters/MEAPmigration/barbadosephemera/images/barb_eph_t0001_0005.tif,Page,Page 5,5
ark:/21198/z1zc9w10,ark:/21198/z14x754z,Masters/othermasters/MEAPmigration/barbadosephemera/images/barb_eph_t0001_0006.tif,Page,Page 6,6
ark:/21198/z1zc9w10,ark:/21198/z1156ddj,Masters/othermasters/MEAPmigration/barbadosephemera/images/barb_eph_t0001_0007.tif,Page,Page 7,7
ark:/21198/z1tm9486,ark:/21198/z1wd5wwd,Masters/othermasters/MEAPmigration/barbadosephemera/images/barb_eph_t0002_0001.tif,Page,Page 1,1
ark:/21198/z1tm9486,ark:/21198/z1rr3vkd,Masters/othermasters/MEAPmigration/barbadosephemera/images/barb_eph_t0002_0002.tif,Page,Page 2,2
ark:/21198/z1tm9486,ark:/21198/z1n033vc,Masters/othermasters/MEAPmigration/barbadosephemera/images/barb_eph_t0002_0003.tif,Page,Page 3,3
ark:/21198/z1tm9486,ark:/21198/z1h72c42,Masters/othermasters/MEAPmigration/barbadosephemera/images/barb_eph_t0002_0004.tif,Page,Page 4,4
ark:/21198/z1tm9486,ark:/21198/z1cg1mfs,Masters/othermasters/MEAPmigration/barbadosephemera/images/barb_eph_t0002_0005.tif,Page,Page 5,5
ark:/21198/z1tm9486,ark:/21198/z17q0vsz,Masters/othermasters/MEAPmigration/barbadosephemera/images/barb_eph_t0002_0006.tif,Page,Page 6,6
ark:/21198/z1tm9486,ark:/21198/z13z0404,Masters/othermasters/MEAPmigration/barbadosephemera/images/barb_eph_t0002_0007.tif,Page,Page 7,7
ark:/21198/z1tm9486,ark:/21198/z1059c85,Masters/othermasters/MEAPmigration/barbadosephemera/images/barb_eph_t0002_0008.tif,Page,Page 8,8
ark:/21198/z1tm9486,ark:/21198/z1vh7k66,Masters/othermasters/MEAPmigration/barbadosephemera/images/barb_eph_t0002_0009.tif,Page,Page 9,9
ark:/21198/z1tm9486,ark:/21198/z1qr6tf1,Masters/othermasters/MEAPmigration/barbadosephemera/images/barb_eph_t0002_0010.tif,Page,Page 10,10
ark:/21198/z1tm9486,ark:/21198/z1m062rf,Masters/othermasters/MEAPmigration/barbadosephemera/images/barb_eph_t0002_0011.tif,Page,Page 11,11
ark:/21198/z1tm9486,ark:/21198/z1g75b2k,Masters/othermasters/MEAPmigration/barbadosephemera/images/barb_eph_t0002_0012.tif,Page,Page 12,12
ark:/21198/z1tm9486,ark:/21198/z1bg4kc9,Masters/othermasters/MEAPmigration/barbadosephemera/images/barb_eph_t0002_0013.tif,Page,Page 13,13
ark:/21198/z1tm9486,ark:/21198/z16q3tkp,Masters/othermasters/MEAPmigration/barbadosephemera/images/barb_eph_t0002_0014.tif,Page,Page 14,14
ark:/21198/z1tm9486,ark:/21198/z12z32vb,Masters/othermasters/MEAPmigration/barbadosephemera/images/barb_eph_t0002_0015.tif,Page,Page 15,15
ark:/21198/z1tm9486,ark:/21198/z1z918r7,Masters/othermasters/MEAPmigration/barbadosephemera/images/barb_eph_t0002_0016.tif,Page,Page 16,16
ark:/21198/z1tm9486,ark:/21198/z1tj0j0g,Masters/othermasters/MEAPmigration/barbadosephemera/images/barb_eph_t0002_0017.tif,Page,Page 17,17
ark:/21198/z1tm9486,ark:/21198/z1pr9s86,Masters/othermasters/MEAPmigration/barbadosephemera/images/barb_eph_t0002_0018.tif,Page,Page 18,18
ark:/21198/z1tm9486,ark:/21198/z1k091m2,Masters/othermasters/MEAPmigration/barbadosephemera/images/barb_eph_t0002_0019.tif,Page,Page 19,19
ark:/21198/z1pv8cgk,ark:/21198/z1f788wb,Masters/othermasters/MEAPmigration/barbadosephemera/images/barb_eph_t0003_0001.tif,Page,Page 1,1
ark:/21198/z1pv8cgk,ark:/21198/z19g7j4k,Masters/othermasters/MEAPmigration/barbadosephemera/images/barb_eph_t0003_0002.tif,Page,Page 2,2
ark:/21198/z1pv8cgk,ark:/21198/z15q6scd,Masters/othermasters/MEAPmigration/barbadosephemera/images/barb_eph_t0003_0003.tif,Page,Page 3,3
ark:/21198/z1pv8cgk,ark:/21198/z1224r35,Masters/othermasters/MEAPmigration/barbadosephemera/images/barb_eph_t0003_0004.tif,Page,Page 4,4
ark:/21198/z1pv8cgk,ark:/21198/z1x947mv,Masters/othermasters/MEAPmigration/barbadosephemera/images/barb_eph_t0003_0005.tif,Page,Page 5,5
ark:/21198/z1pv8cgk,ark:/21198/z1sj3gxk,Masters/othermasters/MEAPmigration/barbadosephemera/images/barb_eph_t0003_0006.tif,Page,Page 6,6
ark:/21198/z1pv8cgk,ark:/21198/z1ns2r85,Masters/othermasters/MEAPmigration/barbadosephemera/images/barb_eph_t0003_0007.tif,Page,Page 7,7
ark:/21198/z1pv8cgk,ark:/21198/z1j120j4,Masters/othermasters/MEAPmigration/barbadosephemera/images/barb_eph_t0003_0008.tif,Page,Page 8,8
ark:/21198/z1pv8cgk,ark:/21198/z1d817rh,Masters/othermasters/MEAPmigration/barbadosephemera/images/barb_eph_t0003_0009.tif,Page,Page 9,9
ark:/21198/z1pv8cgk,ark:/21198/z18h0h16,Masters/othermasters/MEAPmigration/barbadosephemera/images/barb_eph_t0003_0010.tif,Page,Page 10,10
ark:/21198/z1pv8cgk,ark:/21198/z14t8fq7,Masters/othermasters/MEAPmigration/barbadosephemera/images/barb_eph_t0003_0011.tif,Page,Page 11,11
ark:/21198/z1pv8cgk,ark:/21198/z1127pzc,Masters/othermasters/MEAPmigration/barbadosephemera/images/barb_eph_t0003_0012.tif,Page,Page 12,12
ark:/21198/z1pv8cgk,ark:/21198/z1w976hx,Masters/othermasters/MEAPmigration/barbadosephemera/images/barb_eph_t0003_0013.tif,Page,Page 13,13
ark:/21198/z1pv8cgk,ark:/21198/z1rj6ftn,Masters/othermasters/MEAPmigration/barbadosephemera/images/barb_eph_t0003_0014.tif,Page,Page 14,14
ark:/21198/z1pv8cgk,ark:/21198/z1ms5q4s,Masters/othermasters/MEAPmigration/barbadosephemera/images/barb_eph_t0003_0015.tif,Page,Page 15,15
ark:/21198/z1pv8cgk,ark:/21198/z1h14zbg,Masters/othermasters/MEAPmigration/barbadosephemera/images/barb_eph_t0003_0016.tif,Page,Page 16,16
ark:/21198/z1pv8cgk,ark:/21198/z1c846m4,Masters/othermasters/MEAPmigration/barbadosephemera/images/barb_eph_t0003_0017.tif,Page,Page 17,17
ark:/21198/z1pv8cgk,ark:/21198/z17m2577,Masters/othermasters/MEAPmigration/barbadosephemera/images/barb_eph_t0003_0018.tif,Page,Page 18,18
ark:/21198/z1pv8cgk,ark:/21198/z13v1dhh,Masters/othermasters/MEAPmigration/barbadosephemera/images/barb_eph_t0003_0019.tif,Page,Page 19,19
ark:/21198/z1pv8cgk,ark:/21198/z1030ntj,Masters/othermasters/MEAPmigration/barbadosephemera/images/barb_eph_t0003_0020.tif,Page,Page 20,20
ark:/21198/z1pv8cgk,ark:/21198/z1vb05dj,Masters/othermasters/MEAPmigration/barbadosephemera/images/barb_eph_t0003_0021.tif,Page,Page 21,21
ark:/21198/z1pv8cgk,ark:/21198/z1qj9dmc,Masters/othermasters/MEAPmigration/barbadosephemera/images/barb_eph_t0003_0022.tif,Page,Page 22,22
ark:/21198/z1pv8cgk,ark:/21198/z1ks8nwn,Masters/othermasters/MEAPmigration/barbadosephemera/images/barb_eph_t0003_0023.tif,Page,Page 23,23
ark:/21198/z1pv8cgk,ark:/21198/z1g17x46,Masters/othermasters/MEAPmigration/barbadosephemera/images/barb_eph_t0003_0024.tif,Page,Page 24,24
ark:/21198/z1pv8cgk,ark:/21198/z1bc5vv7,Masters/othermasters/MEAPmigration/barbadosephemera/images/barb_eph_t0003_0025.tif,Page,Page 25,25
ark:/21198/z1pv8cgk,ark:/21198/z16m5449,Masters/othermasters/MEAPmigration/barbadosephemera/images/barb_eph_t0003_0026.tif,Page,Page 26,26
ark:/21198/z1pv8cgk,ark:/21198/z12v4cf1,Masters/othermasters/MEAPmigration/barbadosephemera/images/barb_eph_t0003_0027.tif,Page,Page 27,27
ark:/21198/z1pv8cgk,ark:/21198/z1z33w1z,Masters/othermasters/MEAPmigration/barbadosephemera/images/barb_eph_t0003_0028.tif,Page,Page 28,28
ark:/21198/z1pv8cgk,ark:/21198/z1tb3485,Masters/othermasters/MEAPmigration/barbadosephemera/images/barb_eph_t0003_0029.tif,Page,Page 29,29
ark:/21198/z1pv8cgk,ark:/21198/z1pk2cgj,Masters/othermasters/MEAPmigration/barbadosephemera/images/barb_eph_t0003_0030.tif,Page,Page 30,30
ark:/21198/z1pv8cgk,ark:/21198/z1jx0b7f,Masters/othermasters/MEAPmigration/barbadosephemera/images/barb_eph_t0003_0031.tif,Page,Page 31,31
ark:/21198/z1pv8cgk,ark:/21198/z1f49kg1,Masters/othermasters/MEAPmigration/barbadosephemera/images/barb_eph_t0003_0032.tif,Page,Page 32,32
ark:/21198/z1pv8cgk,ark:/21198/z19c8tr9,Masters/othermasters/MEAPmigration/barbadosephemera/images/barb_eph_t0003_0033.tif,Page,Page 33,33
ark:/21198/z1pv8cgk,ark:/21198/z15m832t,Masters/othermasters/MEAPmigration/barbadosephemera/images/barb_eph_t0003_0034.tif,Page,Page 34,34
ark:/21198/z1pv8cgk,ark:/21198/z11v7bb3,Masters/othermasters/MEAPmigration/barbadosephemera/images/barb_eph_t0003_0035.tif,Page,Page 35,35
ark:/21198/z1pv8cgk,ark:/21198/z1x36tvq,Masters/othermasters/MEAPmigration/barbadosephemera/images/barb_eph_t0003_0036.tif,Page,Page 36,36
ark:/21198/z1k37mqq,ark:/21198/z1sb633b,Masters/othermasters/MEAPmigration/barbadosephemera/images/barb_eph_t0004_0001.tif,Page,Page 1,1
ark:/21198/z1k37mqq,ark:/21198/z1np41rg,Masters/othermasters/MEAPmigration/barbadosephemera/images/barb_eph_t0004_0002.tif,Page,Page 2,2
ark:/21198/z1k37mqq,ark:/21198/z1hx390q,Masters/othermasters/MEAPmigration/barbadosephemera/images/barb_eph_t0004_0003.tif,Page,Page 3,3
ark:/21198/z1fb6w1v,ark:/21198/z1d52j89,Masters/othermasters/MEAPmigration/barbadosephemera/images/barb_eph_t0005_0001.tif,Page,Page 1,1
ark:/21198/z1fb6w1v,ark:/21198/z18d1sk1,Masters/othermasters/MEAPmigration/barbadosephemera/images/barb_eph_t0005_0002.tif,Page,Page 2,2
ark:/21198/z1fb6w1v,ark:/21198/z14n11xk,Masters/othermasters/MEAPmigration/barbadosephemera/images/barb_eph_t0005_0003.tif,Page,Page 3,3
ark:/21198/z1fb6w1v,ark:/21198/z10w094c,Masters/othermasters/MEAPmigration/barbadosephemera/images/barb_eph_t0005_0004.tif,Page,Page 4,4
ark:/21198/z1fb6w1v,ark:/21198/z1w39snf,Masters/othermasters/MEAPmigration/barbadosephemera/images/barb_eph_t0005_0005.tif,Page,Page 5,5
ark:/21198/z1fb6w1v,ark:/21198/z1rf7rcw,Masters/othermasters/MEAPmigration/barbadosephemera/images/barb_eph_t0005_0006.tif,Page,Page 6,6
ark:/21198/z1fb6w1v,ark:/21198/z1mp70kn,Masters/othermasters/MEAPmigration/barbadosephemera/images/barb_eph_t0005_0007.tif,Page,Page 7,7
ark:/21198/z1fb6w1v,ark:/21198/z1gx67vx,Masters/othermasters/MEAPmigration/barbadosephemera/images/barb_eph_t0005_0008.tif,Page,Page 8,8
ark:/21198/z1fb6w1v,ark:/21198/z1c55h5c,Masters/othermasters/MEAPmigration/barbadosephemera/images/barb_eph_t0005_0009.tif,Page,Page 9,9
ark:/21198/z1fb6w1v,ark:/21198/z17d4rhj,Masters/othermasters/MEAPmigration/barbadosephemera/images/barb_eph_t0005_0010.tif,Page,Page 10,10
ark:/21198/z1fb6w1v,ark:/21198/z13n40rr,Masters/othermasters/MEAPmigration/barbadosephemera/images/barb_eph_t0005_0011.tif,Page,Page 11,11
ark:/21198/z1fb6w1v,ark:/21198/z1zw3h71,Masters/othermasters/MEAPmigration/barbadosephemera/images/barb_eph_t0005_0012.tif,Page,Page 12,12
ark:/21198/z1fb6w1v,ark:/21198/z1v71fzc,Masters/othermasters/MEAPmigration/barbadosephemera/images/barb_eph_t0005_0013.tif,Page,Page 13,13
ark:/21198/z1fb6w1v,ark:/21198/z1qg0q72,Masters/othermasters/MEAPmigration/barbadosephemera/images/barb_eph_t0005_0014.tif,Page,Page 14,14
ark:/21198/z1fb6w1v,ark:/21198/z1kp9zgb,Masters/othermasters/MEAPmigration/barbadosephemera/images/barb_eph_t0005_0015.tif,Page,Page 15,15
ark:/21198/z1fb6w1v,ark:/21198/z1fx96tw,Masters/othermasters/MEAPmigration/barbadosephemera/images/barb_eph_t0005_0016.tif,Page,Page 16,16
ark:/21198/z1fb6w1v,ark:/21198/z1b58g3w,Masters/othermasters/MEAPmigration/barbadosephemera/images/barb_eph_t0005_0017.tif,Page,Page 17,17
ark:/21198/z1fb6w1v,ark:/21198/z16d7qbq,Masters/othermasters/MEAPmigration/barbadosephemera/images/barb_eph_t0005_0018.tif,Page,Page 18,18
ark:/21198/z1fb6w1v,ark:/21198/z12n6zkj,Masters/othermasters/MEAPmigration/barbadosephemera/images/barb_eph_t0005_0019.tif,Page,Page 19,19
ark:/21198/z1fb6w1v,ark:/21198/z1z055gt,Masters/othermasters/MEAPmigration/barbadosephemera/images/barb_eph_t0005_0020.tif,Page,Page 20,20
ark:/21198/z1fb6w1v,ark:/21198/z1t74dr3,Masters/othermasters/MEAPmigration/barbadosephemera/images/barb_eph_t0005_0021.tif,Page,Page 21,21
ark:/21198/z1fb6w1v,ark:/21198/z1pg3p1s,Masters/othermasters/MEAPmigration/barbadosephemera/images/barb_eph_t0005_0022.tif,Page,Page 22,22
ark:/21198/z1fb6w1v,ark:/21198/z1jq2xbh,Masters/othermasters/MEAPmigration/barbadosephemera/images/barb_eph_t0005_0023.tif,Page,Page 23,23
ark:/21198/z1fb6w1v,ark:/21198/z1dz25p2,Masters/othermasters/MEAPmigration/barbadosephemera/images/barb_eph_t0005_0024.tif,Page,Page 24,24
ark:/21198/z1fb6w1v,ark:/21198/z1961dwr,Masters/othermasters/MEAPmigration/barbadosephemera/images/barb_eph_t0005_0025.tif,Page,Page 25,25
ark:/21198/z1fb6w1v,ark:/21198/z15f0p5f,Masters/othermasters/MEAPmigration/barbadosephemera/images/barb_eph_t0005_0026.tif,Page,Page 26,26
ark:/21198/z1fb6w1v,ark:/21198/z11r8mvg,Masters/othermasters/MEAPmigration/barbadosephemera/images/barb_eph_t0005_0027.tif,Page,Page 27,27
ark:/21198/z1fb6w1v,ark:/21198/z1x084bf,Masters/othermasters/MEAPmigration/barbadosephemera/images/barb_eph_t0005_0028.tif,Page,Page 28,28
ark:/21198/z1fb6w1v,ark:/21198/z1s77cmq,Masters/othermasters/MEAPmigration/barbadosephemera/images/barb_eph_t0005_0029.tif,Page,Page 29,29
ark:/21198/z1fb6w1v,ark:/21198/z1ng6mzw,Masters/othermasters/MEAPmigration/barbadosephemera/images/barb_eph_t0005_0030.tif,Page,Page 30,30
ark:/21198/z19k64cd,ark:/21198/z1hq5w81,Masters/othermasters/MEAPmigration/barbadosephemera/images/barb_eph_t0006_0001.tif,Page,Page 1,1
ark:/21198/z19k64cd,ark:/21198/z1cz54h7,Masters/othermasters/MEAPmigration/barbadosephemera/images/barb_eph_t0006_0002.tif,Page,Page 2,2
ark:/21198/z19k64cd,ark:/21198/z1864crc,Masters/othermasters/MEAPmigration/barbadosephemera/images/barb_eph_t0006_0003.tif,Page,Page 3,3
ark:/21198/z19k64cd,ark:/21198/z14j2bfc,Masters/othermasters/MEAPmigration/barbadosephemera/images/barb_eph_t0006_0004.tif,Page,Page 4,4
ark:/21198/z19k64cd,ark:/21198/z10s1kqn,Masters/othermasters/MEAPmigration/barbadosephemera/images/barb_eph_t0006_0005.tif,Page,Page 5,5
ark:/21198/z19k64cd,ark:/21198/z1w11372,Masters/othermasters/MEAPmigration/barbadosephemera/images/barb_eph_t0006_0006.tif,Page,Page 6,6
ark:/21198/z19k64cd,ark:/21198/z1r80bk7,Masters/othermasters/MEAPmigration/barbadosephemera/images/barb_eph_t0006_0007.tif,Page,Page 7,7
ark:/21198/z19k64cd,ark:/21198/z1mg9kvz,Masters/othermasters/MEAPmigration/barbadosephemera/images/barb_eph_t0006_0008.tif,Page,Page 8,8
ark:/21198/z19k64cd,ark:/21198/z1gq8v4n,Masters/othermasters/MEAPmigration/barbadosephemera/images/barb_eph_t0006_0009.tif,Page,Page 9,9
ark:/21198/z19k64cd,ark:/21198/z1bz83cv,Masters/othermasters/MEAPmigration/barbadosephemera/images/barb_eph_t0006_0010.tif,Page,Page 10,10
ark:/21198/z15x430h,ark:/21198/z1796208,Masters/othermasters/MEAPmigration/barbadosephemera/images/barb_eph_t0007_0001.tif,Page,Page 1,1
ark:/21198/z15x430h,ark:/21198/z13j598j,Masters/othermasters/MEAPmigration/barbadosephemera/images/barb_eph_t0007_0002.tif,Page,Page 2,2
ark:/21198/z15x430h,ark:/21198/z1zs4st9,Masters/othermasters/MEAPmigration/barbadosephemera/images/barb_eph_t0007_0003.tif,Page,Page 3,3
ark:/21198/z15x430h,ark:/21198/z1v14244,Masters/othermasters/MEAPmigration/barbadosephemera/images/barb_eph_t0007_0004.tif,Page,Page 4,4
ark:/21198/z15x430h,ark:/21198/z1q839fv,Masters/othermasters/MEAPmigration/barbadosephemera/images/barb_eph_t0007_0005.tif,Page,Page 5,5
ark:/21198/z15x430h,ark:/21198/z1kh2jpp,Masters/othermasters/MEAPmigration/barbadosephemera/images/barb_eph_t0007_0006.tif,Page,Page 6,6
ark:/21198/z15x430h,ark:/21198/z1fr1szz,Masters/othermasters/MEAPmigration/barbadosephemera/images/barb_eph_t0007_0007.tif,Page,Page 7,7
ark:/21198/z15x430h,ark:/21198/z1b29rm8,Masters/othermasters/MEAPmigration/barbadosephemera/images/barb_eph_t0007_0008.tif,Page,Page 8,8
ark:/21198/z15x430h,ark:/21198/z16990wx,Masters/othermasters/MEAPmigration/barbadosephemera/images/barb_eph_t0007_0009.tif,Page,Page 9,9
ark:/21198/z15x430h,ark:/21198/z12j885m,Masters/othermasters/MEAPmigration/barbadosephemera/images/barb_eph_t0007_0010.tif,Page,Page 10,10
ark:/21198/z15x430h,ark:/21198/z1xs7rrt,Masters/othermasters/MEAPmigration/barbadosephemera/images/barb_eph_t0007_0011.tif,Page,Page 11,11
ark:/21198/z15x430h,ark:/21198/z1t17116,Masters/othermasters/MEAPmigration/barbadosephemera/images/barb_eph_t0007_0012.tif,Page,Page 12,12
ark:/21198/z15x430h,ark:/21198/z1p86881,Masters/othermasters/MEAPmigration/barbadosephemera/images/barb_eph_t0007_0013.tif,Page,Page 13,13
ark:/21198/z15x430h,ark:/21198/z1jm471x,Masters/othermasters/MEAPmigration/barbadosephemera/images/barb_eph_t0007_0014.tif,Page,Page 14,14
ark:/21198/z15x430h,ark:/21198/z1dv3g79,Masters/othermasters/MEAPmigration/barbadosephemera/images/barb_eph_t0007_0015.tif,Page,Page 15,15
ark:/21198/z15x430h,ark:/21198/z1932qhw,Masters/othermasters/MEAPmigration/barbadosephemera/images/barb_eph_t0007_0016.tif,Page,Page 16,16
ark:/21198/z15x430h,ark:/21198/z15b1ztm,Masters/othermasters/MEAPmigration/barbadosephemera/images/barb_eph_t0007_0017.tif,Page,Page 17,17
ark:/21198/z15x430h,ark:/21198/z11k175k,Masters/othermasters/MEAPmigration/barbadosephemera/images/barb_eph_t0007_0018.tif,Page,Page 18,18
ark:/21198/z15x430h,ark:/21198/z1wt0qm0,Masters/othermasters/MEAPmigration/barbadosephemera/images/barb_eph_t0007_0019.tif,Page,Page 19,19
ark:/21198/z15x430h,ark:/21198/z1s19zw1,Masters/othermasters/MEAPmigration/barbadosephemera/images/barb_eph_t0007_0020.tif,Page,Page 20,20
ark:/21198/z15x430h,ark:/21198/z1nc7xk1,Masters/othermasters/MEAPmigration/barbadosephemera/images/barb_eph_t0007_0021.tif,Page,Page 21,21
ark:/21198/z15x430h,ark:/21198/z1hm75ss,Masters/othermasters/MEAPmigration/barbadosephemera/images/barb_eph_t0007_0022.tif,Page,Page 22,22
ark:/21198/z15x430h,ark:/21198/z1cv6f2g,Masters/othermasters/MEAPmigration/barbadosephemera/images/barb_eph_t0007_0023.tif,Page,Page 23,23
ark:/21198/z15x430h,ark:/21198/z1835pch,Masters/othermasters/MEAPmigration/barbadosephemera/images/barb_eph_t0007_0024.tif,Page,Page 24,24
ark:/21198/z15x430h,ark:/21198/z14b4xp7,Masters/othermasters/MEAPmigration/barbadosephemera/images/barb_eph_t0007_0025.tif,Page,Page 25,25
ark:/21198/z15x430h,ark:/21198/z10k45zw,Masters/othermasters/MEAPmigration/barbadosephemera/images/barb_eph_t0007_0026.tif,Page,Page 26,26
ark:/21198/z15x430h,ark:/21198/z1vt3pf5,Masters/othermasters/MEAPmigration/barbadosephemera/images/barb_eph_t0007_0027.tif,Page,Page 27,27
ark:/21198/z15x430h,ark:/21198/z1r51n4g,Masters/othermasters/MEAPmigration/barbadosephemera/images/barb_eph_t0007_0028.tif,Page,Page 28,28
ark:/21198/z15x430h,ark:/21198/z1md0wc9,Masters/othermasters/MEAPmigration/barbadosephemera/images/barb_eph_t0007_0029.tif,Page,Page 29,29
ark:/21198/z15x430h,ark:/21198/z1gn04mh,Masters/othermasters/MEAPmigration/barbadosephemera/images/barb_eph_t0007_0030.tif,Page,Page 30,30
ark:/21198/z15x430h,ark:/21198/z1bv9cz4,Masters/othermasters/MEAPmigration/barbadosephemera/images/barb_eph_t0007_0031.tif,Page,Page 31,31
ark:/21198/z15x430h,ark:/21198/z1738n8k,Masters/othermasters/MEAPmigration/barbadosephemera/images/barb_eph_t0007_0032.tif,Page,Page 32,32
ark:/21198/z1253bb0,ark:/21198/z13b7whd,Masters/othermasters/MEAPmigration/barbadosephemera/images/barb_eph_t0008_0001.tif,Page,Page 1,1
ark:/21198/z1253bb0,ark:/21198/z1zk7d1h,Masters/othermasters/MEAPmigration/barbadosephemera/images/barb_eph_t0008_0002.tif,Page,Page 2,2
ark:/21198/z1253bb0,ark:/21198/z1tx5bs0,Masters/othermasters/MEAPmigration/barbadosephemera/images/barb_eph_t0008_0003.tif,Page,Page 3,3
ark:/21198/z1253bb0,ark:/21198/z1q54m03,Masters/othermasters/MEAPmigration/barbadosephemera/images/barb_eph_t0008_0004.tif,Page,Page 4,4
ark:/21198/z1253bb0,ark:/21198/z1kd3v7x,Masters/othermasters/MEAPmigration/barbadosephemera/images/barb_eph_t0008_0005.tif,Page,Page 5,5
ark:/21198/z1253bb0,ark:/21198/z1fn33j1,Masters/othermasters/MEAPmigration/barbadosephemera/images/barb_eph_t0008_0006.tif,Page,Page 6,6
ark:/21198/z1253bb0,ark:/21198/z19w2bw6,Masters/othermasters/MEAPmigration/barbadosephemera/images/barb_eph_t0008_0007.tif,Page,Page 7,7
ark:/21198/z1253bb0,ark:/21198/z1641m39,Masters/othermasters/MEAPmigration/barbadosephemera/images/barb_eph_t0008_0008.tif,Page,Page 8,8
ark:/21198/z1253bb0,ark:/21198/z12c0vck,Masters/othermasters/MEAPmigration/barbadosephemera/images/barb_eph_t0008_0009.tif,Page,Page 9,9
ark:/21198/z1253bb0,ark:/21198/z1xp929f,Masters/othermasters/MEAPmigration/barbadosephemera/images/barb_eph_t0008_0010.tif,Page,Page 10,10
ark:/21198/z1253bb0,ark:/21198/z1sx89j8,Masters/othermasters/MEAPmigration/barbadosephemera/images/barb_eph_t0008_0011.tif,Page,Page 11,11
ark:/21198/z1253bb0,ark:/21198/z1p57jtv,Masters/othermasters/MEAPmigration/barbadosephemera/images/barb_eph_t0008_0012.tif,Page,Page 12,12
ark:/21198/z1253bb0,ark:/21198/z1jd6t40,Masters/othermasters/MEAPmigration/barbadosephemera/images/barb_eph_t0008_0013.tif,Page,Page 13,13
ark:/21198/z1253bb0,ark:/21198/z1dn62dn,Masters/othermasters/MEAPmigration/barbadosephemera/images/barb_eph_t0008_0014.tif,Page,Page 14,14
ark:/21198/z1253bb0,ark:/21198/z18w59px,Masters/othermasters/MEAPmigration/barbadosephemera/images/barb_eph_t0008_0015.tif,Page,Page 15,15
ark:/21198/z1253bb0,ark:/21198/z1544jx2,Masters/othermasters/MEAPmigration/barbadosephemera/images/barb_eph_t0008_0016.tif,Page,Page 16,16
ark:/21198/z1253bb0,ark:/21198/z11g2hm2,Masters/othermasters/MEAPmigration/barbadosephemera/images/barb_eph_t0008_0017.tif,Page,Page 17,17
ark:/21198/z1253bb0,ark:/21198/z1wq2145,Masters/othermasters/MEAPmigration/barbadosephemera/images/barb_eph_t0008_0018.tif,Page,Page 18,18
ark:/21198/z1253bb0,ark:/21198/z1rz18c0,Masters/othermasters/MEAPmigration/barbadosephemera/images/barb_eph_t0008_0019.tif,Page,Page 19,19
ark:/21198/z1253bb0,ark:/21198/z1n60hqg,Masters/othermasters/MEAPmigration/barbadosephemera/images/barb_eph_t0008_0020.tif,Page,Page 20,20
ark:/21198/z1253bb0,ark:/21198/z1hd9s12,Masters/othermasters/MEAPmigration/barbadosephemera/images/barb_eph_t0008_0021.tif,Page,Page 21,21
ark:/21198/z1253bb0,ark:/21198/z1cn917t,Masters/othermasters/MEAPmigration/barbadosephemera/images/barb_eph_t0008_0022.tif,Page,Page 22,22
ark:/21198/z1253bb0,ark:/21198/z17w88gn,Masters/othermasters/MEAPmigration/barbadosephemera/images/barb_eph_t0008_0023.tif,Page,Page 23,23
ark:/21198/z1253bb0,ark:/21198/z147677v,Masters/othermasters/MEAPmigration/barbadosephemera/images/barb_eph_t0008_0024.tif,Page,Page 24,24
ark:/21198/z1253bb0,ark:/21198/z10g5ggp,Masters/othermasters/MEAPmigration/barbadosephemera/images/barb_eph_t0008_0025.tif,Page,Page 25,25
ark:/21198/z1253bb0,ark:/21198/z1vq500s,Masters/othermasters/MEAPmigration/barbadosephemera/images/barb_eph_t0008_0026.tif,Page,Page 26,26
ark:/21198/z1253bb0,ark:/21198/z1qz479h,Masters/othermasters/MEAPmigration/barbadosephemera/images/barb_eph_t0008_0027.tif,Page,Page 27,27
ark:/21198/z1253bb0,ark:/21198/z1m63gn0,Masters/othermasters/MEAPmigration/barbadosephemera/images/barb_eph_t0008_0028.tif,Page,Page 28,28
ark:/21198/z1253bb0,ark:/21198/z1gf2qvc,Masters/othermasters/MEAPmigration/barbadosephemera/images/barb_eph_t0008_0029.tif,Page,Page 29,29
ark:/21198/z1253bb0,ark:/21198/z1bp204f,Masters/othermasters/MEAPmigration/barbadosephemera/images/barb_eph_t0008_0030.tif,Page,Page 30,30
ark:/21198/z1253bb0,ark:/21198/z1709xsz,Masters/othermasters/MEAPmigration/barbadosephemera/images/barb_eph_t0008_0031.tif,Page,Page 31,31
ark:/21198/z1253bb0,ark:/21198/z137961k,Masters/othermasters/MEAPmigration/barbadosephemera/images/barb_eph_t0008_0032.tif,Page,Page 32,32
ark:/21198/z1253bb0,ark:/21198/z1zg8pjw,Masters/othermasters/MEAPmigration/barbadosephemera/images/barb_eph_t0008_0033.tif,Page,Page 33,33
ark:/21198/z1253bb0,ark:/21198/z1tq7xw2,Masters/othermasters/MEAPmigration/barbadosephemera/images/barb_eph_t0008_0034.tif,Page,Page 34,34
ark:/21198/z1253bb0,ark:/21198/z1pz7654,Masters/othermasters/MEAPmigration/barbadosephemera/images/barb_eph_t0008_0035.tif,Page,Page 35,35
ark:/21198/z1253bb0,ark:/21198/z1k66ffq,Masters/othermasters/MEAPmigration/barbadosephemera/images/barb_eph_t0008_0036.tif,Page,Page 36,36
ark:/21198/z1xd2ttv,ark:/21198/z1ff5ppj,Masters/othermasters/MEAPmigration/barbadosephemera/images/barb_eph_t0009_0001.tif,Page,Page 1,1
ark:/21198/z1xd2ttv,ark:/21198/z19s3nb3,Masters/othermasters/MEAPmigration/barbadosephemera/images/barb_eph_t0009_0002.tif,Page,Page 2,2
ark:/21198/z1xd2ttv,ark:/21198/z1612wmp,Masters/othermasters/MEAPmigration/barbadosephemera/images/barb_eph_t0009_0003.tif,Page,Page 3,3
ark:/21198/z1xd2ttv,ark:/21198/z12824wb,Masters/othermasters/MEAPmigration/barbadosephemera/images/barb_eph_t0009_0004.tif,Page,Page 4,4
ark:/21198/z1sn232g,ark:/21198/z1xh1ngz,Masters/othermasters/MEAPmigration/barbadosephemera/images/barb_eph_t0010_0001.tif,Page,Page 1,1
ark:/21198/z1sn232g,ark:/21198/z1sr0wr7,Masters/othermasters/MEAPmigration/barbadosephemera/images/barb_eph_t0010_0002.tif,Page,Page 2,2
ark:/21198/z1sn232g,ark:/21198/z1p00505,Masters/othermasters/MEAPmigration/barbadosephemera/images/barb_eph_t0010_0003.tif,Page,Page 3,3
ark:/21198/z1sn232g,ark:/21198/z1j69d7f,Masters/othermasters/MEAPmigration/barbadosephemera/images/barb_eph_t0010_0004.tif,Page,Page 4,4
ark:/21198/z1nw1b99,ark:/21198/z1dj7c0b,Masters/othermasters/MEAPmigration/barbadosephemera/images/barb_eph_t0011_0001.tif,Page,Page 1,1
ark:/21198/z1nw1b99,ark:/21198/z18s6m75,Masters/othermasters/MEAPmigration/barbadosephemera/images/barb_eph_t0011_0002.tif,Page,Page 2,2
ark:/21198/z1nw1b99,ark:/21198/z1515vj6,Masters/othermasters/MEAPmigration/barbadosephemera/images/barb_eph_t0011_0003.tif,Page,Page 3,3
ark:/21198/z1nw1b99,ark:/21198/z11853v9,Masters/othermasters/MEAPmigration/barbadosephemera/images/barb_eph_t0011_0004.tif,Page,Page 4,4
ark:/21198/z1nw1b99,ark:/21198/z1wh4mc1,Masters/othermasters/MEAPmigration/barbadosephemera/images/barb_eph_t0011_0005.tif,Page,Page 5,5
ark:/21198/z1nw1b99,ark:/21198/z1rr3vmv,Masters/othermasters/MEAPmigration/barbadosephemera/images/barb_eph_t0011_0006.tif,Page,Page 6,6
ark:/21198/z1nw1b99,ark:/21198/z1n31t95,Masters/othermasters/MEAPmigration/barbadosephemera/images/barb_eph_t0011_0007.tif,Page,Page 7,7
ark:/21198/z1nw1b99,ark:/21198/z1hb12jc,Masters/othermasters/MEAPmigration/barbadosephemera/images/barb_eph_t0011_0008.tif,Page,Page 8,8
ark:/21198/z1nw1b99,ark:/21198/z1ck09tn,Masters/othermasters/MEAPmigration/barbadosephemera/images/barb_eph_t0011_0009.tif,Page,Page 9,9
ark:/21198/z1nw1b99,ark:/21198/z17s9k3s,Masters/othermasters/MEAPmigration/barbadosephemera/images/barb_eph_t0011_0010.tif,Page,Page 10,10
ark:/21198/z1nw1b99,ark:/21198/z1418tf8,Masters/othermasters/MEAPmigration/barbadosephemera/images/barb_eph_t0011_0011.tif,Page,Page 11,11
ark:/21198/z1nw1b99,ark:/21198/z10882pg,Masters/othermasters/MEAPmigration/barbadosephemera/images/barb_eph_t0011_0012.tif,Page,Page 12,12
ark:/21198/z1nw1b99,ark:/21198/z1vh7k7n,Masters/othermasters/MEAPmigration/barbadosephemera/images/barb_eph_t0011_0013.tif,Page,Page 13,13
ark:/21198/z1nw1b99,ark:/21198/z1qv5hws,Masters/othermasters/MEAPmigration/barbadosephemera/images/barb_eph_t0011_0014.tif,Page,Page 14,14
ark:/21198/z1nw1b99,ark:/21198/z1m34s3w,Masters/othermasters/MEAPmigration/barbadosephemera/images/barb_eph_t0011_0015.tif,Page,Page 15,15
ark:/21198/z1j40kmb,ark:/21198/z1gb41cj,Masters/othermasters/MEAPmigration/barbadosephemera/images/barb_eph_t0012_0001.tif,Page,Page 1,1
ark:/21198/z1j40kmb,ark:/21198/z1bk38p8,Masters/othermasters/MEAPmigration/barbadosephemera/images/barb_eph_t0012_0002.tif,Page,Page 2,2
ark:/21198/z1j40kmb,ark:/21198/z16t2j1v,Masters/othermasters/MEAPmigration/barbadosephemera/images/barb_eph_t0012_0003.tif,Page,Page 3,3
ark:/21198/z1j40kmb,ark:/21198/z1321s80,Masters/othermasters/MEAPmigration/barbadosephemera/images/barb_eph_t0012_0004.tif,Page,Page 4,4
ark:/21198/z1db9v0t,ark:/21198/z1z918sp,Masters/othermasters/MEAPmigration/barbadosephemera/images/barb_eph_t0013_0001.tif,Page,Page 1,1
ark:/21198/z1db9v0t,ark:/21198/z1tm97hk,Masters/othermasters/MEAPmigration/barbadosephemera/images/barb_eph_t0013_0002.tif,Page,Page 2,2
ark:/21198/z1db9v0t,ark:/21198/z1pv8grd,Masters/othermasters/MEAPmigration/barbadosephemera/images/barb_eph_t0013_0003.tif,Page,Page 3,3
ark:/21198/z1db9v0t,ark:/21198/z1k37r0z,Masters/othermasters/MEAPmigration/barbadosephemera/images/barb_eph_t0013_0004.tif,Page,Page 4,4
ark:/21198/z1db9v0t,ark:/21198/z1fb7092,Masters/othermasters/MEAPmigration/barbadosephemera/images/barb_eph_t0013_0005.tif,Page,Page 5,5
ark:/21198/z18p7smh,ark:/21198/z19k67ms,Masters/othermasters/MEAPmigration/barbadosephemera/images/barb_eph_t0014_0001.tif,Page,Page 1,1
ark:/21198/z18p7smh,ark:/21198/z15t5gw2,Masters/othermasters/MEAPmigration/barbadosephemera/images/barb_eph_t0014_0002.tif,Page,Page 2,2
ark:/21198/z18p7smh,ark:/21198/z1224r4m,Masters/othermasters/MEAPmigration/barbadosephemera/images/barb_eph_t0014_0003.tif,Page,Page 3,3
ark:/21198/z18p7smh,ark:/21198/z1xd2z2n,Masters/othermasters/MEAPmigration/barbadosephemera/images/barb_eph_t0014_0004.tif,Page,Page 4,4
ark:/21198/z18p7smh,ark:/21198/z1sn26b9,Masters/othermasters/MEAPmigration/barbadosephemera/images/barb_eph_t0014_0005.tif,Page,Page 5,5
ark:/21198/z18p7smh,ark:/21198/z1nw1fk4,Masters/othermasters/MEAPmigration/barbadosephemera/images/barb_eph_t0014_0006.tif,Page,Page 6,6
ark:/21198/z18p7smh,ark:/21198/z1j40pw5,Masters/othermasters/MEAPmigration/barbadosephemera/images/barb_eph_t0014_0007.tif,Page,Page 7,7
ark:/21198/z18p7smh,ark:/21198/z1db9z76,Masters/othermasters/MEAPmigration/barbadosephemera/images/barb_eph_t0014_0008.tif,Page,Page 8,8
ark:/21198/z14x71xm,ark:/21198/z18k96fz,Masters/othermasters/MEAPmigration/barbadosephemera/images/barb_eph_t0015_0001.tif,Page,Page 1,1
ark:/21198/z14x71xm,ark:/21198/z14t8frp,Masters/othermasters/MEAPmigration/barbadosephemera/images/barb_eph_t0015_0002.tif,Page,Page 2,2
ark:/21198/z14x71xm,ark:/21198/z1156df0,Masters/othermasters/MEAPmigration/barbadosephemera/images/barb_eph_t0015_0003.tif,Page,Page 3,3
ark:/21198/z1156955,ark:/21198/z1wd5wxv,Masters/othermasters/MEAPmigration/barbadosephemera/images/barb_eph_t0016_0001.tif,Page,Page 1,1
ark:/21198/z1156955,ark:/21198/z1rn555g,Masters/othermasters/MEAPmigration/barbadosephemera/images/barb_eph_t0016_0002.tif,Page,Page 2,2
ark:/21198/z1156955,ark:/21198/z1mw4dg6,Masters/othermasters/MEAPmigration/barbadosephemera/images/barb_eph_t0016_0003.tif,Page,Page 3,3
ark:/21198/z1156955,ark:/21198/z1h43ntp,Masters/othermasters/MEAPmigration/barbadosephemera/images/barb_eph_t0016_0004.tif,Page,Page 4,4
ark:/21198/z1156955,ark:/21198/z1cc2x2x,Masters/othermasters/MEAPmigration/barbadosephemera/images/barb_eph_t0016_0005.tif,Page,Page 5,5
ark:/21198/z1156955,ark:/21198/z17m258p,Masters/othermasters/MEAPmigration/barbadosephemera/images/barb_eph_t0016_0006.tif,Page,Page 6,6
ark:/21198/z1156955,ark:/21198/z13z041k,Masters/othermasters/MEAPmigration/barbadosephemera/images/barb_eph_t0016_0007.tif,Page,Page 7,7
ark:/21198/z1156955,ark:/21198/z1059c9m,Masters/othermasters/MEAPmigration/barbadosephemera/images/barb_eph_t0016_0008.tif,Page,Page 8,8
ark:/21198/z1156955,ark:/21198/z1vd8vsg,Masters/othermasters/MEAPmigration/barbadosephemera/images/barb_eph_t0016_0009.tif,Page,Page 9,9
ark:/21198/z1156955,ark:/21198/z1qn844f,Masters/othermasters/MEAPmigration/barbadosephemera/images/barb_eph_t0016_0010.tif,Page,Page 10,10
ark:/21198/z1156955,ark:/21198/z1kw7cdq,Masters/othermasters/MEAPmigration/barbadosephemera/images/barb_eph_t0016_0011.tif,Page,Page 11,11
ark:/21198/z1156955,ark:/21198/z1g46mp9,Masters/othermasters/MEAPmigration/barbadosephemera/images/barb_eph_t0016_0012.tif,Page,Page 12,12
ark:/21198/z1wd5smk,ark:/21198/z1bc5vwp,Masters/othermasters/MEAPmigration/barbadosephemera/images/barb_eph_t0017_0001.tif,Page,Page 1,1
ark:/21198/z1wd5smk,ark:/21198/z16q3tm4,Masters/othermasters/MEAPmigration/barbadosephemera/images/barb_eph_t0017_0002.tif,Page,Page 2,2
ark:/21198/z1wd5smk,ark:/21198/z12z32ws,Masters/othermasters/MEAPmigration/barbadosephemera/images/barb_eph_t0017_0003.tif,Page,Page 3,3
ark:/21198/z1wd5smk,ark:/21198/z1z62kcc,Masters/othermasters/MEAPmigration/barbadosephemera/images/barb_eph_t0017_0004.tif,Page,Page 4,4
ark:/21198/z1wd5smk,ark:/21198/z1tf1tp3,Masters/othermasters/MEAPmigration/barbadosephemera/images/barb_eph_t0017_0005.tif,Page,Page 5,5
ark:/21198/z1wd5smk,ark:/21198/z1pp1312,Masters/othermasters/MEAPmigration/barbadosephemera/images/barb_eph_t0017_0006.tif,Page,Page 6,6
ark:/21198/z1wd5smk,ark:/21198/z1jx0b8w,Masters/othermasters/MEAPmigration/barbadosephemera/images/barb_eph_t0017_0007.tif,Page,Page 7,7
ark:/21198/z1wd5smk,ark:/21198/z1f49khg,Masters/othermasters/MEAPmigration/barbadosephemera/images/barb_eph_t0017_0008.tif,Page,Page 8,8
ark:/21198/z1wd5smk,ark:/21198/z19g7j51,Masters/othermasters/MEAPmigration/barbadosephemera/images/barb_eph_t0017_0009.tif,Page,Page 9,9
ark:/21198/z1wd5smk,ark:/21198/z15q6sdv,Masters/othermasters/MEAPmigration/barbadosephemera/images/barb_eph_t0017_0010.tif,Page,Page 10,10
ark:/21198/z1wd5smk,ark:/21198/z11z61qz,Masters/othermasters/MEAPmigration/barbadosephemera/images/barb_eph_t0017_0011.tif,Page,Page 11,11
ark:/21198/z1wd5smk,ark:/21198/z1x65j8f,Masters/othermasters/MEAPmigration/barbadosephemera/images/barb_eph_t0017_0012.tif,Page,Page 12,12
ark:/21198/z1rn51w7,ark:/21198/z1sf4sjq,Masters/othermasters/MEAPmigration/barbadosephemera/images/barb_eph_t0018_0001.tif,Page,Page 1,1
ark:/21198/z1rn51w7,ark:/21198/z1np41sx,Masters/othermasters/MEAPmigration/barbadosephemera/images/barb_eph_t0018_0002.tif,Page,Page 2,2
ark:/21198/z1rn51w7,ark:/21198/z1hx3915,Masters/othermasters/MEAPmigration/barbadosephemera/images/barb_eph_t0018_0003.tif,Page,Page 3,3
ark:/21198/z1rn51w7,ark:/21198/z1d817sz,Masters/othermasters/MEAPmigration/barbadosephemera/images/barb_eph_t0018_0004.tif,Page,Page 4,4
ark:/21198/z1rn51w7,ark:/21198/z18h0h2n,Masters/othermasters/MEAPmigration/barbadosephemera/images/barb_eph_t0018_0005.tif,Page,Page 5,5
ark:/21198/z1rn51w7,ark:/21198/z14q9r9x,Masters/othermasters/MEAPmigration/barbadosephemera/images/barb_eph_t0018_0006.tif,Page,Page 6,6
ark:/21198/z1rn51w7,ark:/21198/z10z90ng,Masters/othermasters/MEAPmigration/barbadosephemera/images/barb_eph_t0018_0007.tif,Page,Page 7,7
ark:/21198/z1rn51w7,ark:/21198/z1w68h42,Masters/othermasters/MEAPmigration/barbadosephemera/images/barb_eph_t0018_0008.tif,Page,Page 8,8
ark:/21198/z1rn51w7,ark:/21198/z1rf7rdb,Masters/othermasters/MEAPmigration/barbadosephemera/images/barb_eph_t0018_0009.tif,Page,Page 9,9
ark:/21198/z1rn51w7,ark:/21198/z1ms5q57,Masters/othermasters/MEAPmigration/barbadosephemera/images/barb_eph_t0018_0010.tif,Page,Page 10,10
ark:/21198/z1rn51w7,ark:/21198/z1h14zcx,Masters/othermasters/MEAPmigration/barbadosephemera/images/barb_eph_t0018_0011.tif,Page,Page 11,11
ark:/21198/z1rn51w7,ark:/21198/z1c846nk,Masters/othermasters/MEAPmigration/barbadosephemera/images/barb_eph_t0018_0012.tif,Page,Page 12,12
ark:/21198/z1mw496c,ark:/21198/z17h3fxv,Masters/othermasters/MEAPmigration/barbadosephemera/images/barb_eph_t0019_0001.tif,Page,Page 1,1
ark:/21198/z1mw496c,ark:/21198/z13r2q70,Masters/othermasters/MEAPmigration/barbadosephemera/images/barb_eph_t0019_0002.tif,Page,Page 2,2
ark:/21198/z1mw496c,ark:/21198/z1001zhk,Masters/othermasters/MEAPmigration/barbadosephemera/images/barb_eph_t0019_0003.tif,Page,Page 3,3
ark:/21198/z1mw496c,ark:/21198/z1v71g07,Masters/othermasters/MEAPmigration/barbadosephemera/images/barb_eph_t0019_0004.tif,Page,Page 4,4
ark:/21198/z1mw496c,ark:/21198/z1qj9dnt,Masters/othermasters/MEAPmigration/barbadosephemera/images/barb_eph_t0019_0005.tif,Page,Page 5,5
ark:/21198/z1mw496c,ark:/21198/z1ks8nx3,Masters/othermasters/MEAPmigration/barbadosephemera/images/barb_eph_t0019_0006.tif,Page,Page 6,6
ark:/21198/z1mw496c,ark:/21198/z1g17x5n,Masters/othermasters/MEAPmigration/barbadosephemera/images/barb_eph_t0019_0007.tif,Page,Page 7,7
ark:/21198/z1mw496c,ark:/21198/z1b875gr,Masters/othermasters/MEAPmigration/barbadosephemera/images/barb_eph_t0019_0008.tif,Page,Page 8,8
ark:/21198/z1mw496c,ark:/21198/z16h6dsg,Masters/othermasters/MEAPmigration/barbadosephemera/images/barb_eph_t0019_0009.tif,Page,Page 9,9
ark:/21198/z1mw496c,ark:/21198/z12r5p25,Masters/othermasters/MEAPmigration/barbadosephemera/images/barb_eph_t0019_0010.tif,Page,Page 10,10
ark:/21198/z1mw496c,ark:/21198/z1z055h8,Masters/othermasters/MEAPmigration/barbadosephemera/images/barb_eph_t0019_0011.tif,Page,Page 11,11
ark:/21198/z1mw496c,ark:/21198/z1tb349m,Masters/othermasters/MEAPmigration/barbadosephemera/images/barb_eph_t0019_0012.tif,Page,Page 12,12
ark:/21198/z1mw496c,ark:/21198/z1pk2ch0,Masters/othermasters/MEAPmigration/barbadosephemera/images/barb_eph_t0019_0013.tif,Page,Page 13,13
ark:/21198/z1mw496c,ark:/21198/z1jt1mrt,Masters/othermasters/MEAPmigration/barbadosephemera/images/barb_eph_t0019_0014.tif,Page,Page 14,14
ark:/21198/z1h43jk9,ark:/21198/z1f20w1t,Masters/othermasters/MEAPmigration/barbadosephemera/images/barb_eph_t0020_0001.tif,Page,Page 1,1
ark:/21198/z1h43jk9,ark:/21198/z19904cc,Masters/othermasters/MEAPmigration/barbadosephemera/images/barb_eph_t0020_0002.tif,Page,Page 2,2
ark:/21198/z1h43jk9,ark:/21198/z15h9cmn,Masters/othermasters/MEAPmigration/barbadosephemera/images/barb_eph_t0020_0003.tif,Page,Page 3,3
ark:/21198/z1h43jk9,ark:/21198/z11r8mwx,Masters/othermasters/MEAPmigration/barbadosephemera/images/barb_eph_t0020_0004.tif,Page,Page 4,4
ark:/21198/z1h43jk9,ark:/21198/z1x36tw5,Masters/othermasters/MEAPmigration/barbadosephemera/images/barb_eph_t0020_0005.tif,Page,Page 5,5
ark:/21198/z1h43jk9,ark:/21198/z1sb634s,Masters/othermasters/MEAPmigration/barbadosephemera/images/barb_eph_t0020_0006.tif,Page,Page 6,6
ark:/21198/z1h43jk9,ark:/21198/z1nk5bcm,Masters/othermasters/MEAPmigration/barbadosephemera/images/barb_eph_t0020_0007.tif,Page,Page 7,7
ark:/21198/z1h43jk9,ark:/21198/z1ht4kpb,Masters/othermasters/MEAPmigration/barbadosephemera/images/barb_eph_t0020_0008.tif,Page,Page 8,8
ark:/21198/z1cg1h6d,ark:/21198/z1d23v0s,Masters/othermasters/MEAPmigration/barbadosephemera/images/barb_eph_t0021_0001.tif,Page,Page 1,1
ark:/21198/z1cg1h6d,ark:/21198/z189338f,Masters/othermasters/MEAPmigration/barbadosephemera/images/barb_eph_t0021_0002.tif,Page,Page 2,2
ark:/21198/z1cg1h6d,ark:/21198/z14j2bgt,Masters/othermasters/MEAPmigration/barbadosephemera/images/barb_eph_t0021_0003.tif,Page,Page 3,3
ark:/21198/z1cg1h6d,ark:/21198/z10w095t,Masters/othermasters/MEAPmigration/barbadosephemera/images/barb_eph_t0021_0004.tif,Page,Page 4,4
ark:/21198/z1cg1h6d,ark:/21198/z1w39spw,Masters/othermasters/MEAPmigration/barbadosephemera/images/barb_eph_t0021_0005.tif,Page,Page 5,5
ark:/21198/z1cg1h6d,ark:/21198/z1rb91x3,Masters/othermasters/MEAPmigration/barbadosephemera/images/barb_eph_t0021_0006.tif,Page,Page 6,6
ark:/21198/z1cg1h6d,ark:/21198/z1mk8977,Masters/othermasters/MEAPmigration/barbadosephemera/images/barb_eph_t0021_0007.tif,Page,Page 7,7
ark:/21198/z1cg1h6d,ark:/21198/z1gt7jjz,Masters/othermasters/MEAPmigration/barbadosephemera/images/barb_eph_t0021_0008.tif,Page,Page 8,8
ark:/21198/z1cg1h6d,ark:/21198/z1c26stj,Masters/othermasters/MEAPmigration/barbadosephemera/images/barb_eph_t0021_0009.tif,Page,Page 9,9
ark:/21198/z1cg1h6d,ark:/21198/z179621q,Masters/othermasters/MEAPmigration/barbadosephemera/images/barb_eph_t0021_0010.tif,Page,Page 10,10
ark:/21198/z1cg1h6d,ark:/21198/z13n40s6,Masters/othermasters/MEAPmigration/barbadosephemera/images/barb_eph_t0021_0011.tif,Page,Page 11,11
ark:/21198/z17q0rk1,ark:/21198/z1zw3h8g,Masters/othermasters/MEAPmigration/barbadosephemera/images/barb_eph_t0022_0001.tif,Page,Page 1,1
ark:/21198/z17q0rk1,ark:/21198/z1v42rhm,Masters/othermasters/MEAPmigration/barbadosephemera/images/barb_eph_t0022_0002.tif,Page,Page 2,2
ark:/21198/z17q0rk1,ark:/21198/z1qc20tq,Masters/othermasters/MEAPmigration/barbadosephemera/images/barb_eph_t0022_0003.tif,Page,Page 3,3
ark:/21198/z17q0rk1,ark:/21198/z1km1859,Masters/othermasters/MEAPmigration/barbadosephemera/images/barb_eph_t0022_0004.tif,Page,Page 4,4
ark:/21198/z17q0rk1,ark:/21198/z1fv0hcp,Masters/othermasters/MEAPmigration/barbadosephemera/images/barb_eph_t0022_0005.tif,Page,Page 5,5
ark:/21198/z17q0rk1,ark:/21198/z1b29rnq,Masters/othermasters/MEAPmigration/barbadosephemera/images/barb_eph_t0022_0006.tif,Page,Page 6,6
ark:/21198/z17q0rk1,ark:/21198/z16d7qc5,Masters/othermasters/MEAPmigration/barbadosephemera/images/barb_eph_t0022_0007.tif,Page,Page 7,7
ark:/21198/z13z00ss,ark:/21198/z12n6zm0,Masters/othermasters/MEAPmigration/barbadosephemera/images/barb_eph_t0023_0001.tif,Page,Page 1,1
ark:/21198/z13z00ss,ark:/21198/z1xw6g43,Masters/othermasters/MEAPmigration/barbadosephemera/images/barb_eph_t0023_0002.tif,Page,Page 2,2
ark:/21198/z13z00ss,ark:/21198/z1t45qf4,Masters/othermasters/MEAPmigration/barbadosephemera/images/barb_eph_t0023_0003.tif,Page,Page 3,3
ark:/21198/z13z00ss,ark:/21198/z1pc4zrv,Masters/othermasters/MEAPmigration/barbadosephemera/images/barb_eph_t0023_0004.tif,Page,Page 4,4
ark:/21198/z13z00ss,ark:/21198/z1jm472c,Masters/othermasters/MEAPmigration/barbadosephemera/images/barb_eph_t0023_0005.tif,Page,Page 5,5
ark:/21198/z13z00ss,ark:/21198/z1dv3g8r,Masters/othermasters/MEAPmigration/barbadosephemera/images/barb_eph_t0023_0006.tif,Page,Page 6,6
ark:/21198/z13z00ss,ark:/21198/z1961dx6,Masters/othermasters/MEAPmigration/barbadosephemera/images/barb_eph_t0023_0007.tif,Page,Page 7,7
ark:/21198/z13z00ss,ark:/21198/z15f0p6w,Masters/othermasters/MEAPmigration/barbadosephemera/images/barb_eph_t0023_0008.tif,Page,Page 8,8
ark:/21198/z13z00ss,ark:/21198/z11n9xf5,Masters/othermasters/MEAPmigration/barbadosephemera/images/barb_eph_t0023_0009.tif,Page,Page 9,9
ark:/21198/z13z00ss,ark:/21198/z1ww9f15,Masters/othermasters/MEAPmigration/barbadosephemera/images/barb_eph_t0023_0010.tif,Page,Page 10,10
ark:/21198/z13z00ss,ark:/21198/z1s48pb6,Masters/othermasters/MEAPmigration/barbadosephemera/images/barb_eph_t0023_0011.tif,Page,Page 11,11
ark:/21198/z13z00ss,ark:/21198/z1nc7xmg,Masters/othermasters/MEAPmigration/barbadosephemera/images/barb_eph_t0023_0012.tif,Page,Page 12,12
ark:/21198/z105981s,ark:/21198/z1hm75t7,Masters/othermasters/MEAPmigration/barbadosephemera/images/barb_eph_t0024_0001.tif,Page,Page 1,1
ark:/21198/z105981s,ark:/21198/z1cz54jp,Masters/othermasters/MEAPmigration/barbadosephemera/images/barb_eph_t0024_0002.tif,Page,Page 2,2
ark:/21198/z105981s,ark:/21198/z1864cst,Masters/othermasters/MEAPmigration/barbadosephemera/images/barb_eph_t0024_0003.tif,Page,Page 3,3
ark:/21198/z105981s,ark:/21198/z14f3n2h,Masters/othermasters/MEAPmigration/barbadosephemera/images/barb_eph_t0024_0004.tif,Page,Page 4,4
ark:/21198/z105981s,ark:/21198/z10p2wc7,Masters/othermasters/MEAPmigration/barbadosephemera/images/barb_eph_t0024_0005.tif,Page,Page 5,5
ark:/21198/z105981s,ark:/21198/z1vx2cxc,Masters/othermasters/MEAPmigration/barbadosephemera/images/barb_eph_t0024_0006.tif,Page,Page 6,6
ark:/21198/z105981s,ark:/21198/z1r51n5x,Masters/othermasters/MEAPmigration/barbadosephemera/images/barb_eph_t0024_0007.tif,Page,Page 7,7
ark:/21198/z1vd8rhn,ark:/21198/z1mg9kwd,Masters/othermasters/MEAPmigration/barbadosephemera/images/barb_eph_t0025_0001.tif,Page,Page 1,1
ark:/21198/z1vd8rhn,ark:/21198/z1gq8v53,Masters/othermasters/MEAPmigration/barbadosephemera/images/barb_eph_t0025_0002.tif,Page,Page 2,2
ark:/21198/z1vd8rhn,ark:/21198/z1bz83d9,Masters/othermasters/MEAPmigration/barbadosephemera/images/barb_eph_t0025_0003.tif,Page,Page 3,3
ark:/21198/z1vd8rhn,ark:/21198/z1767bpw,Masters/othermasters/MEAPmigration/barbadosephemera/images/barb_eph_t0025_0004.tif,Page,Page 4,4
ark:/21198/z1vd8rhn,ark:/21198/z13f6m1g,Masters/othermasters/MEAPmigration/barbadosephemera/images/barb_eph_t0025_0005.tif,Page,Page 5,5
ark:/21198/z1vd8rhn,ark:/21198/z1zp63hq,Masters/othermasters/MEAPmigration/barbadosephemera/images/barb_eph_t0025_0006.tif,Page,Page 6,6
ark:/21198/z1vd8rhn,ark:/21198/z1tx5btf,Masters/othermasters/MEAPmigration/barbadosephemera/images/barb_eph_t0025_0007.tif,Page,Page 7,7
ark:/21198/z1vd8rhn,ark:/21198/z1q839g9,Masters/othermasters/MEAPmigration/barbadosephemera/images/barb_eph_t0025_0008.tif,Page,Page 8,8
ark:/21198/z1vd8rhn,ark:/21198/z1kh2jq4,Masters/othermasters/MEAPmigration/barbadosephemera/images/barb_eph_t0025_0009.tif,Page,Page 9,9
ark:/21198/z1vd8rhn,ark:/21198/z1fr1t0t,Masters/othermasters/MEAPmigration/barbadosephemera/images/barb_eph_t0025_0010.tif,Page,Page 10,10
ark:/21198/z1vd8rhn,ark:/21198/z1b0127b,Masters/othermasters/MEAPmigration/barbadosephemera/images/barb_eph_t0025_0011.tif,Page,Page 11,11
ark:/21198/z1vd8rhn,ark:/21198/z16709kh,Masters/othermasters/MEAPmigration/barbadosephemera/images/barb_eph_t0025_0012.tif,Page,Page 12,12
ark:/21198/z1vd8rhn,ark:/21198/z12f9jv7,Masters/othermasters/MEAPmigration/barbadosephemera/images/barb_eph_t0025_0013.tif,Page,Page 13,13
ark:/21198/z1vd8rhn,ark:/21198/z1xp92bw,Masters/othermasters/MEAPmigration/barbadosephemera/images/barb_eph_t0025_0014.tif,Page,Page 14,14
ark:/21198/z1vd8rhn,ark:/21198/z1t1712n,Masters/othermasters/MEAPmigration/barbadosephemera/images/barb_eph_t0025_0015.tif,Page,Page 15,15
ark:/21198/z1vd8rhn,ark:/21198/z1p8689g,Masters/othermasters/MEAPmigration/barbadosephemera/images/barb_eph_t0025_0016.tif,Page,Page 16,16
ark:/21198/z1qn80v6,ark:/21198/z1jh5hhv,Masters/othermasters/MEAPmigration/barbadosephemera/images/barb_eph_t0026_0001.tif,Page,Page 1,1
ark:/21198/z1qn80v6,ark:/21198/z1dr4rtk,Masters/othermasters/MEAPmigration/barbadosephemera/images/barb_eph_t0026_0002.tif,Page,Page 2,2
ark:/21198/z1qn80v6,ark:/21198/z190414d,Masters/othermasters/MEAPmigration/barbadosephemera/images/barb_eph_t0026_0003.tif,Page,Page 3,3
ark:/21198/z1qn80v6,ark:/21198/z15738dp,Masters/othermasters/MEAPmigration/barbadosephemera/images/barb_eph_t0026_0004.tif,Page,Page 4,4
ark:/21198/z1qn80v6,ark:/21198/z11g2hnh,Masters/othermasters/MEAPmigration/barbadosephemera/images/barb_eph_t0026_0005.tif,Page,Page 5,5
ark:/21198/z1qn80v6,ark:/21198/z1wt0qnf,Masters/othermasters/MEAPmigration/barbadosephemera/images/barb_eph_t0026_0006.tif,Page,Page 6,6
ark:/21198/z1qn80v6,ark:/21198/z1s19zxg,Masters/othermasters/MEAPmigration/barbadosephemera/images/barb_eph_t0026_0007.tif,Page,Page 7,7
ark:/21198/z1kw785b,ark:/21198/z1n8974n,Masters/othermasters/MEAPmigration/barbadosephemera/images/barb_eph_t0027_0001.tif,Page,Page 1,1
ark:/21198/z1kw785b,ark:/21198/z1hh8gdx,Masters/othermasters/MEAPmigration/barbadosephemera/images/barb_eph_t0027_0002.tif,Page,Page 2,2
ark:/21198/z1kw785b,ark:/21198/z1cr7qr3,Masters/othermasters/MEAPmigration/barbadosephemera/images/barb_eph_t0027_0003.tif,Page,Page 3,3
ark:/21198/z1kw785b,ark:/21198/z180701g,Masters/othermasters/MEAPmigration/barbadosephemera/images/barb_eph_t0027_0004.tif,Page,Page 4,4
ark:/21198/z1kw785b,ark:/21198/z1476789,Masters/othermasters/MEAPmigration/barbadosephemera/images/barb_eph_t0027_0005.tif,Page,Page 5,5
ark:/21198/z1kw785b,ark:/21198/z10k460r,Masters/othermasters/MEAPmigration/barbadosephemera/images/barb_eph_t0027_0006.tif,Page,Page 6,6
ark:/21198/z1kw785b,ark:/21198/z1vt3pgm,Masters/othermasters/MEAPmigration/barbadosephemera/images/barb_eph_t0027_0007.tif,Page,Page 7,7
ark:/21198/z1kw785b,ark:/21198/z1r22xqr,Masters/othermasters/MEAPmigration/barbadosephemera/images/barb_eph_t0027_0008.tif,Page,Page 8,8
ark:/21198/z1kw785b,ark:/21198/z1m9260t,Masters/othermasters/MEAPmigration/barbadosephemera/images/barb_eph_t0027_0009.tif,Page,Page 9,9
ark:/21198/z1kw785b,ark:/21198/z1gj1fb0,Masters/othermasters/MEAPmigration/barbadosephemera/images/barb_eph_t0027_0010.tif,Page,Page 10,10
ark:/21198/z1kw785b,ark:/21198/z1bs0pjc,Masters/othermasters/MEAPmigration/barbadosephemera/images/barb_eph_t0027_0011.tif,Page,Page 11,11
ark:/21198/z1kw785b,ark:/21198/z1709xtd,Masters/othermasters/MEAPmigration/barbadosephemera/images/barb_eph_t0027_0012.tif,Page,Page 12,12
ark:/21198/z1kw785b,ark:/21198/z13b7wjv,Masters/othermasters/MEAPmigration/barbadosephemera/images/barb_eph_t0027_0013.tif,Page,Page 13,13
ark:/21198/z1kw785b,ark:/21198/z1zk7d2z,Masters/othermasters/MEAPmigration/barbadosephemera/images/barb_eph_t0027_0014.tif,Page,Page 14,14
ark:/21198/z1kw785b,ark:/21198/z1tt6n8b,Masters/othermasters/MEAPmigration/barbadosephemera/images/barb_eph_t0027_0015.tif,Page,Page 15,15
ark:/21198/z1kw785b,ark:/21198/z1q25wkc,Masters/othermasters/MEAPmigration/barbadosephemera/images/barb_eph_t0027_0016.tif,Page,Page 16,16
ark:/21198/z1g756ts,ark:/21198/z1k954wg,Masters/othermasters/MEAPmigration/barbadosephemera/images/barb_eph_t0028_0001.tif,Page,Page 1,1
ark:/21198/z1g756ts,ark:/21198/z1fj4d55,Masters/othermasters/MEAPmigration/barbadosephemera/images/barb_eph_t0028_0002.tif,Page,Page 2,2
ark:/21198/z1g756ts,ark:/21198/z19s3ncj,Masters/othermasters/MEAPmigration/barbadosephemera/images/barb_eph_t0028_0003.tif,Page,Page 3,3
ark:/21198/z1g756ts,ark:/21198/z1641m4r,Masters/othermasters/MEAPmigration/barbadosephemera/images/barb_eph_t0028_0004.tif,Page,Page 4,4
ark:/21198/z1g756ts,ark:/21198/z12c0vd1,Masters/othermasters/MEAPmigration/barbadosephemera/images/barb_eph_t0028_0005.tif,Page,Page 5,5
ark:/21198/z1g756ts,ark:/21198/z1xm0bw8,Masters/othermasters/MEAPmigration/barbadosephemera/images/barb_eph_t0028_0006.tif,Page,Page 6,6
ark:/21198/z1g756ts,ark:/21198/z1st9m5d,Masters/othermasters/MEAPmigration/barbadosephemera/images/barb_eph_t0028_0007.tif,Page,Page 7,7
ark:/21198/z1g756ts,ark:/21198/z1p28vhw,Masters/othermasters/MEAPmigration/barbadosephemera/images/barb_eph_t0028_0008.tif,Page,Page 8,8
ark:/21198/z1g756ts,ark:/21198/z1j983sj,Masters/othermasters/MEAPmigration/barbadosephemera/images/barb_eph_t0028_0009.tif,Page,Page 9,9
ark:/21198/z1g756ts,ark:/21198/z1dj7c1s,Masters/othermasters/MEAPmigration/barbadosephemera/images/barb_eph_t0028_0010.tif,Page,Page 10,10
ark:/21198/z1g756ts,ark:/21198/z18w59qc,Masters/othermasters/MEAPmigration/barbadosephemera/images/barb_eph_t0028_0011.tif,Page,Page 11,11
ark:/21198/z1g756ts,ark:/21198/z1544jzh,Masters/othermasters/MEAPmigration/barbadosephemera/images/barb_eph_t0028_0012.tif,Page,Page 12,12
ark:/21198/z1g756ts,ark:/21198/z11c3t6r,Masters/othermasters/MEAPmigration/barbadosephemera/images/barb_eph_t0028_0013.tif,Page,Page 13,13
ark:/21198/z1g756ts,ark:/21198/z1wm39rw,Masters/othermasters/MEAPmigration/barbadosephemera/images/barb_eph_t0028_0014.tif,Page,Page 14,14
ark:/21198/z1g756ts,ark:/21198/z1rv2k3g,Masters/othermasters/MEAPmigration/barbadosephemera/images/barb_eph_t0028_0015.tif,Page,Page 15,15
ark:/21198/z1g756ts,ark:/21198/z1n31tbm,Masters/othermasters/MEAPmigration/barbadosephemera/images/barb_eph_t0028_0016.tif,Page,Page 16,16
ark:/21198/z1g756ts,ark:/21198/z1hb12kt,Masters/othermasters/MEAPmigration/barbadosephemera/images/barb_eph_t0028_0017.tif,Page,Page 17,17
ark:/21198/z1g756ts,ark:/21198/z1cn9188,Masters/othermasters/MEAPmigration/barbadosephemera/images/barb_eph_t0028_0018.tif,Page,Page 18,18
ark:/21198/z1g756ts,ark:/21198/z17w88h3,Masters/othermasters/MEAPmigration/barbadosephemera/images/barb_eph_t0028_0019.tif,Page,Page 19,19
ark:/21198/z1g756ts,ark:/21198/z1447hsp,Masters/othermasters/MEAPmigration/barbadosephemera/images/barb_eph_t0028_0020.tif,Page,Page 20,20
ark:/21198/z1g756ts,ark:/21198/z10c6s3t,Masters/othermasters/MEAPmigration/barbadosephemera/images/barb_eph_t0028_0021.tif,Page,Page 21,21
ark:/21198/z1g756ts,ark:/21198/z1vm68mh,Masters/othermasters/MEAPmigration/barbadosephemera/images/barb_eph_t0028_0022.tif,Page,Page 22,22
ark:/21198/z1g756ts,ark:/21198/z1qv5hx7,Masters/othermasters/MEAPmigration/barbadosephemera/images/barb_eph_t0028_0023.tif,Page,Page 23,23
ark:/21198/z1g756ts,ark:/21198/z1m34s4b,Masters/othermasters/MEAPmigration/barbadosephemera/images/barb_eph_t0028_0024.tif,Page,Page 24,24
ark:/21198/z1g756ts,ark:/21198/z1gf2qwt,Masters/othermasters/MEAPmigration/barbadosephemera/images/barb_eph_t0028_0025.tif,Page,Page 25,25
ark:/21198/z1g756ts,ark:/21198/z1bp205w,Masters/othermasters/MEAPmigration/barbadosephemera/images/barb_eph_t0028_0026.tif,Page,Page 26,26
ark:/21198/z1g756ts,ark:/21198/z16x17dq,Masters/othermasters/MEAPmigration/barbadosephemera/images/barb_eph_t0028_0027.tif,Page,Page 27,27
ark:/21198/z1g756ts,ark:/21198/z1350gqr,Masters/othermasters/MEAPmigration/barbadosephemera/images/barb_eph_t0028_0028.tif,Page,Page 28,28
ark:/21198/z1g756ts,ark:/21198/z1zd0089,Masters/othermasters/MEAPmigration/barbadosephemera/images/barb_eph_t0028_0029.tif,Page,Page 29,29
ark:/21198/z1g756ts,ark:/21198/z1tm97j1,Masters/othermasters/MEAPmigration/barbadosephemera/images/barb_eph_t0028_0030.tif,Page,Page 30,30
ark:/21198/z1g756ts,ark:/21198/z1pz766k,Masters/othermasters/MEAPmigration/barbadosephemera/images/barb_eph_t0028_0031.tif,Page,Page 31,31
ark:/21198/z1g756ts,ark:/21198/z1k66fg5,Masters/othermasters/MEAPmigration/barbadosephemera/images/barb_eph_t0028_0032.tif,Page,Page 32,32
ark:/21198/z1g756ts,ark:/21198/z1ff5pq0,Masters/othermasters/MEAPmigration/barbadosephemera/images/barb_eph_t0028_0033.tif,Page,Page 33,33
ark:/21198/z1g756ts,ark:/21198/z19p4z0p,Masters/othermasters/MEAPmigration/barbadosephemera/images/barb_eph_t0028_0034.tif,Page,Page 34,34
ark:/21198/z1g756ts,ark:/21198/z15x469s,Masters/othermasters/MEAPmigration/barbadosephemera/images/barb_eph_t0028_0035.tif,Page,Page 35,35
ark:/21198/z1bg4g5c,ark:/21198/z1253fmt,Masters/othermasters/MEAPmigration/barbadosephemera/images/barb_eph_t0029_0001.tif,Page,Page 1,1
ark:/21198/z1bg4g5c,ark:/21198/z1xd2z33,Masters/othermasters/MEAPmigration/barbadosephemera/images/barb_eph_t0029_0002.tif,Page,Page 2,2
ark:/21198/z1bg4g5c,ark:/21198/z1sr0wsp,Masters/othermasters/MEAPmigration/barbadosephemera/images/barb_eph_t0029_0003.tif,Page,Page 3,3
ark:/21198/z1bg4g5c,ark:/21198/z1p0051m,Masters/othermasters/MEAPmigration/barbadosephemera/images/barb_eph_t0029_0004.tif,Page,Page 4,4
ark:/21198/z1bg4g5c,ark:/21198/z1j69d8w,Masters/othermasters/MEAPmigration/barbadosephemera/images/barb_eph_t0029_0005.tif,Page,Page 5,5
ark:/21198/z1bg4g5c,ark:/21198/z1df8nj5,Masters/othermasters/MEAPmigration/barbadosephemera/images/barb_eph_t0029_0006.tif,Page,Page 6,6
ark:/21198/z1bg4g5c,ark:/21198/z18p7wwb,Masters/othermasters/MEAPmigration/barbadosephemera/images/barb_eph_t0029_0007.tif,Page,Page 7,7
ark:/21198/z16q3qb9,ark:/21198/z14x755d,Masters/othermasters/MEAPmigration/barbadosephemera/images/barb_eph_t0030_0001.tif,Page,Page 1,1
ark:/21198/z16q3qb9,ark:/21198/z1156dgf,Masters/othermasters/MEAPmigration/barbadosephemera/images/barb_eph_t0030_0002.tif,Page,Page 2,2
ark:/21198/z16q3qb9,ark:/21198/z1wh4mdg,Masters/othermasters/MEAPmigration/barbadosephemera/images/barb_eph_t0030_0003.tif,Page,Page 3,3
ark:/21198/z16q3qb9,ark:/21198/z1rr3vn9,Masters/othermasters/MEAPmigration/barbadosephemera/images/barb_eph_t0030_0004.tif,Page,Page 4,4
ark:/21198/z16q3qb9,ark:/21198/z1n033wt,Masters/othermasters/MEAPmigration/barbadosephemera/images/barb_eph_t0030_0005.tif,Page,Page 5,5
ark:/21198/z16q3qb9,ark:/21198/z1h72c5h,Masters/othermasters/MEAPmigration/barbadosephemera/images/barb_eph_t0030_0006.tif,Page,Page 6,6
ark:/21198/z16q3qb9,ark:/21198/z1cg1mg7,Masters/othermasters/MEAPmigration/barbadosephemera/images/barb_eph_t0030_0007.tif,Page,Page 7,7
ark:/21198/z16q3qb9,ark:/21198/z17q0vtd,Masters/othermasters/MEAPmigration/barbadosephemera/images/barb_eph_t0030_0008.tif,Page,Page 8,8
ark:/21198/z16q3qb9,ark:/21198/z13z0421,Masters/othermasters/MEAPmigration/barbadosephemera/images/barb_eph_t0030_0009.tif,Page,Page 9,9
ark:/21198/z16q3qb9,ark:/21198/z10882qx,Masters/othermasters/MEAPmigration/barbadosephemera/images/barb_eph_t0030_0010.tif,Page,Page 10,10
ark:/21198/z16q3qb9,ark:/21198/z1vh7k83,Masters/othermasters/MEAPmigration/barbadosephemera/images/barb_eph_t0030_0011.tif,Page,Page 11,11
ark:/21198/z16q3qb9,ark:/21198/z1qr6tgg,Masters/othermasters/MEAPmigration/barbadosephemera/images/barb_eph_t0030_0012.tif,Page,Page 12,12
ark:/21198/z16q3qb9,ark:/21198/z1m062sw,Masters/othermasters/MEAPmigration/barbadosephemera/images/barb_eph_t0030_0013.tif,Page,Page 13,13
ark:/21198/z16q3qb9,ark:/21198/z1g75b31,Masters/othermasters/MEAPmigration/barbadosephemera/images/barb_eph_t0030_0014.tif,Page,Page 14,14
ark:/21198/z16q3qb9,ark:/21198/z1bg4kdr,Masters/othermasters/MEAPmigration/barbadosephemera/images/barb_eph_t0030_0015.tif,Page,Page 15,15
ark:/21198/z16q3qb9,ark:/21198/z16q3tnk,Masters/othermasters/MEAPmigration/barbadosephemera/images/barb_eph_t0030_0016.tif,Page,Page 16,16
ark:/21198/z12z2zk4,ark:/21198/z1321s9f,Masters/othermasters/MEAPmigration/barbadosephemera/images/barb_eph_t0031_0001.tif,Page,Page 1,1
ark:/21198/z12z2zk4,ark:/21198/z1z918t4,Masters/othermasters/MEAPmigration/barbadosephemera/images/barb_eph_t0031_0002.tif,Page,Page 2,2
ark:/21198/z12z2zk4,ark:/21198/z1tj0j1x,Masters/othermasters/MEAPmigration/barbadosephemera/images/barb_eph_t0031_0003.tif,Page,Page 3,3
ark:/21198/z12z2zk4,ark:/21198/z1pr9s9n,Masters/othermasters/MEAPmigration/barbadosephemera/images/barb_eph_t0031_0004.tif,Page,Page 4,4
ark:/21198/z12z2zk4,ark:/21198/z1k091nh,Masters/othermasters/MEAPmigration/barbadosephemera/images/barb_eph_t0031_0005.tif,Page,Page 5,5
ark:/21198/z12z2zk4,ark:/21198/z1f788xs,Masters/othermasters/MEAPmigration/barbadosephemera/images/barb_eph_t0031_0006.tif,Page,Page 6,6
ark:/21198/z12z2zk4,ark:/21198/z19g7j6g,Masters/othermasters/MEAPmigration/barbadosephemera/images/barb_eph_t0031_0007.tif,Page,Page 7,7
ark:/21198/z12z2zk4,ark:/21198/z15t5gxh,Masters/othermasters/MEAPmigration/barbadosephemera/images/barb_eph_t0031_0008.tif,Page,Page 8,8
ark:/21198/z12z2zk4,ark:/21198/z1224r52,Masters/othermasters/MEAPmigration/barbadosephemera/images/barb_eph_t0031_0009.tif,Page,Page 9,9
ark:/21198/z12z2zk4,ark:/21198/z1x947n9,Masters/othermasters/MEAPmigration/barbadosephemera/images/barb_eph_t0031_0010.tif,Page,Page 10,10
ark:/21198/z12z2zk4,ark:/21198/z1sj3gz1,Masters/othermasters/MEAPmigration/barbadosephemera/images/barb_eph_t0031_0011.tif,Page,Page 11,11
ark:/21198/z1z62g3j,ark:/21198/z1ns2r9m,Masters/othermasters/MEAPmigration/barbadosephemera/images/barb_eph_t0032_0001.tif,Page,Page 1,1
ark:/21198/z1z62g3j,ark:/21198/z1j120kk,Masters/othermasters/MEAPmigration/barbadosephemera/images/barb_eph_t0032_0002.tif,Page,Page 2,2
ark:/21198/z1z62g3j,ark:/21198/z1d817td,Masters/othermasters/MEAPmigration/barbadosephemera/images/barb_eph_t0032_0003.tif,Page,Page 3,3
ark:/21198/z1z62g3j,ark:/21198/z18k96gd,Masters/othermasters/MEAPmigration/barbadosephemera/images/barb_eph_t0032_0004.tif,Page,Page 4,4
ark:/21198/z1z62g3j,ark:/21198/z14t8fs4,Masters/othermasters/MEAPmigration/barbadosephemera/images/barb_eph_t0032_0005.tif,Page,Page 5,5
ark:/21198/z1z62g3j,ark:/21198/z1127q07,Masters/othermasters/MEAPmigration/barbadosephemera/images/barb_eph_t0032_0006.tif,Page,Page 6,6
ark:/21198/z1z62g3j,ark:/21198/z1w976jc,Masters/othermasters/MEAPmigration/barbadosephemera/images/barb_eph_t0032_0007.tif,Page,Page 7,7
ark:/21198/z1z62g3j,ark:/21198/z1rj6fv3,Masters/othermasters/MEAPmigration/barbadosephemera/images/barb_eph_t0032_0008.tif,Page,Page 8,8
ark:/21198/z1tf1qd8,ark:/21198/z1ms5q6p,Masters/othermasters/MEAPmigration/barbadosephemera/images/barb_eph_t0033_0001.tif,Page,Page 1,1
ark:/21198/z1tf1qd8,ark:/21198/z1h14zdc,Masters/othermasters/MEAPmigration/barbadosephemera/images/barb_eph_t0033_0002.tif,Page,Page 2,2
ark:/21198/z1tf1qd8,ark:/21198/z1cc2x3c,Masters/othermasters/MEAPmigration/barbadosephemera/images/barb_eph_t0033_0003.tif,Page,Page 3,3
ark:/21198/z1tf1qd8,ark:/21198/z17m2594,Masters/othermasters/MEAPmigration/barbadosephemera/images/barb_eph_t0033_0004.tif,Page,Page 4,4
ark:/21198/z1tf1qd8,ark:/21198/z13v1djz,Masters/othermasters/MEAPmigration/barbadosephemera/images/barb_eph_t0033_0005.tif,Page,Page 5,5
ark:/21198/z1tf1qd8,ark:/21198/z1030nv0,Masters/othermasters/MEAPmigration/barbadosephemera/images/barb_eph_t0033_0006.tif,Page,Page 6,6
ark:/21198/z1tf1qd8,ark:/21198/z1vb05f0,Masters/othermasters/MEAPmigration/barbadosephemera/images/barb_eph_t0033_0007.tif,Page,Page 7,7
ark:/21198/z1tf1qd8,ark:/21198/z1qj9dp8,Masters/othermasters/MEAPmigration/barbadosephemera/images/barb_eph_t0033_0008.tif,Page,Page 8,8
ark:/21198/z1tf1qd8,ark:/21198/z1ks8nzj,Masters/othermasters/MEAPmigration/barbadosephemera/images/barb_eph_t0033_0009.tif,Page,Page 9,9
ark:/21198/z1tf1qd8,ark:/21198/z1g46mqr,Masters/othermasters/MEAPmigration/barbadosephemera/images/barb_eph_t0033_0010.tif,Page,Page 10,10
ark:/21198/z1tf1qd8,ark:/21198/z1bc5vx4,Masters/othermasters/MEAPmigration/barbadosephemera/images/barb_eph_t0033_0011.tif,Page,Page 11,11
ark:/21198/z1tf1qd8,ark:/21198/z16m545r,Masters/othermasters/MEAPmigration/barbadosephemera/images/barb_eph_t0033_0012.tif,Page,Page 12,12
ark:/21198/z1tf1qd8,ark:/21198/z12v4cgg,Masters/othermasters/MEAPmigration/barbadosephemera/images/barb_eph_t0033_0013.tif,Page,Page 13,13
ark:/21198/z1tf1qd8,ark:/21198/z1z33w2d,Masters/othermasters/MEAPmigration/barbadosephemera/images/barb_eph_t0033_0014.tif,Page,Page 14,14
ark:/21198/z1tf1qd8,ark:/21198/z1tb34b2,Masters/othermasters/MEAPmigration/barbadosephemera/images/barb_eph_t0033_0015.tif,Page,Page 15,15
ark:/21198/z1tf1qd8,ark:/21198/z1pp132h,Masters/othermasters/MEAPmigration/barbadosephemera/images/barb_eph_t0033_0016.tif,Page,Page 16,16
ark:/21198/z1tf1qd8,ark:/21198/z1jx0b9b,Masters/othermasters/MEAPmigration/barbadosephemera/images/barb_eph_t0033_0017.tif,Page,Page 17,17
ark:/21198/z1tf1qd8,ark:/21198/z1f49kjx,Masters/othermasters/MEAPmigration/barbadosephemera/images/barb_eph_t0033_0018.tif,Page,Page 18,18
ark:/21198/z1tf1qd8,ark:/21198/z19c8tsr,Masters/othermasters/MEAPmigration/barbadosephemera/images/barb_eph_t0033_0019.tif,Page,Page 19,19
ark:/21198/z1tf1qd8,ark:/21198/z15m8338,Masters/othermasters/MEAPmigration/barbadosephemera/images/barb_eph_t0033_0020.tif,Page,Page 20,20
ark:/21198/z1pp0zsw,ark:/21198/z11v7bcj,Masters/othermasters/MEAPmigration/barbadosephemera/images/barb_eph_t0034_0001.tif,Page,Page 1,1
ark:/21198/z1pp0zsw,ark:/21198/z1x36txm,Masters/othermasters/MEAPmigration/barbadosephemera/images/barb_eph_t0034_0002.tif,Page,Page 2,2
ark:/21198/z1pp0zsw,ark:/21198/z1sf4sk5,Masters/othermasters/MEAPmigration/barbadosephemera/images/barb_eph_t0034_0003.tif,Page,Page 3,3
ark:/21198/z1pp0zsw,ark:/21198/z1np41tc,Masters/othermasters/MEAPmigration/barbadosephemera/images/barb_eph_t0034_0004.tif,Page,Page 4,4
ark:/21198/z1pp0zsw,ark:/21198/z1hx392m,Masters/othermasters/MEAPmigration/barbadosephemera/images/barb_eph_t0034_0005.tif,Page,Page 5,5
ark:/21198/z1pp0zsw,ark:/21198/z1d52j9r,Masters/othermasters/MEAPmigration/barbadosephemera/images/barb_eph_t0034_0006.tif,Page,Page 6,6
ark:/21198/z1pp0zsw,ark:/21198/z18d1smg,Masters/othermasters/MEAPmigration/barbadosephemera/images/barb_eph_t0034_0007.tif,Page,Page 7,7
ark:/21198/z1pp0zsw,ark:/21198/z14n11z1,Masters/othermasters/MEAPmigration/barbadosephemera/images/barb_eph_t0034_0008.tif,Page,Page 8,8
ark:/21198/z1k08xc9,ark:/21198/z10w0968,Masters/othermasters/MEAPmigration/barbadosephemera/images/barb_eph_t0035_0001.tif,Page,Page 1,1
ark:/21198/z1k08xc9,ark:/21198/z1w68h5h,Masters/othermasters/MEAPmigration/barbadosephemera/images/barb_eph_t0035_0002.tif,Page,Page 2,2
ark:/21198/z1k08xc9,ark:/21198/z1rf7rfs,Masters/othermasters/MEAPmigration/barbadosephemera/images/barb_eph_t0035_0003.tif,Page,Page 3,3
ark:/21198/z1f785pd,ark:/21198/z1mp70m3,Masters/othermasters/MEAPmigration/barbadosephemera/images/barb_eph_t0036_0001.tif,Page,Page 1,1
ark:/21198/z1f785pd,ark:/21198/z1gx67wc,Masters/othermasters/MEAPmigration/barbadosephemera/images/barb_eph_t0036_0002.tif,Page,Page 2,2
ark:/21198/z1f785pd,ark:/21198/z1c55h6t,Masters/othermasters/MEAPmigration/barbadosephemera/images/barb_eph_t0036_0003.tif,Page,Page 3,3
ark:/21198/z1f785pd,ark:/21198/z17d4rj0,Masters/othermasters/MEAPmigration/barbadosephemera/images/barb_eph_t0036_0004.tif,Page,Page 4,4
ark:/21198/z1f785pd,ark:/21198/z13n40tn,Masters/othermasters/MEAPmigration/barbadosephemera/images/barb_eph_t0036_0005.tif,Page,Page 5,5
ark:/21198/z1f785pd,ark:/21198/z1001zj1,Masters/othermasters/MEAPmigration/barbadosephemera/images/barb_eph_t0036_0006.tif,Page,Page 6,6
ark:/21198/z1f785pd,ark:/21198/z1v71g1p,Masters/othermasters/MEAPmigration/barbadosephemera/images/barb_eph_t0036_0007.tif,Page,Page 7,7
ark:/21198/z1f785pd,ark:/21198/z1qg0q8h,Masters/othermasters/MEAPmigration/barbadosephemera/images/barb_eph_t0036_0008.tif,Page,Page 8,8
ark:/21198/z1f785pd,ark:/21198/z1kp9zhs,Masters/othermasters/MEAPmigration/barbadosephemera/images/barb_eph_t0036_0009.tif,Page,Page 9,9
ark:/21198/z1f785pd,ark:/21198/z1fx96vb,Masters/othermasters/MEAPmigration/barbadosephemera/images/barb_eph_t0036_0010.tif,Page,Page 10,10
ark:/21198/z1f785pd,ark:/21198/z1b58g4b,Masters/othermasters/MEAPmigration/barbadosephemera/images/barb_eph_t0036_0011.tif,Page,Page 11,11
ark:/21198/z1f785pd,ark:/21198/z16d7qdm,Masters/othermasters/MEAPmigration/barbadosephemera/images/barb_eph_t0036_0012.tif,Page,Page 12,12
ark:/21198/z19g7dx7,ark:/21198/z12r5p3m,Masters/othermasters/MEAPmigration/barbadosephemera/images/barb_eph_t0037_0001.tif,Page,Page 1,1
ark:/21198/z19g7dx7,ark:/21198/z1z055jq,Masters/othermasters/MEAPmigration/barbadosephemera/images/barb_eph_t0037_0002.tif,Page,Page 2,2
ark:/21198/z19g7dx7,ark:/21198/z1t74dsj,Masters/othermasters/MEAPmigration/barbadosephemera/images/barb_eph_t0037_0003.tif,Page,Page 3,3
ark:/21198/z19g7dx7,ark:/21198/z1pg3p27,Masters/othermasters/MEAPmigration/barbadosephemera/images/barb_eph_t0037_0004.tif,Page,Page 4,4
ark:/21198/z19g7dx7,ark:/21198/z1jq2xcz,Masters/othermasters/MEAPmigration/barbadosephemera/images/barb_eph_t0037_0005.tif,Page,Page 5,5
ark:/21198/z19g7dx7,ark:/21198/z1dz25qh,Masters/othermasters/MEAPmigration/barbadosephemera/images/barb_eph_t0037_0006.tif,Page,Page 6,6
ark:/21198/z15q6p41,ark:/21198/z1961dzn,Masters/othermasters/MEAPmigration/barbadosephemera/images/barb_eph_t0038_0001.tif,Page,Page 1,1
ark:/21198/z15q6p41,ark:/21198/z15h9cn3,Masters/othermasters/MEAPmigration/barbadosephemera/images/barb_eph_t0038_0002.tif,Page,Page 2,2
ark:/21198/z15q6p41,ark:/21198/z11r8mxc,Masters/othermasters/MEAPmigration/barbadosephemera/images/barb_eph_t0038_0003.tif,Page,Page 3,3
ark:/21198/z15q6p41,ark:/21198/z1x084cw,Masters/othermasters/MEAPmigration/barbadosephemera/images/barb_eph_t0038_0004.tif,Page,Page 4,4
ark:/21198/z15q6p41,ark:/21198/z1s77cn5,Masters/othermasters/MEAPmigration/barbadosephemera/images/barb_eph_t0038_0005.tif,Page,Page 5,5
ark:/21198/z15q6p41,ark:/21198/z1ng6n0r,Masters/othermasters/MEAPmigration/barbadosephemera/images/barb_eph_t0038_0006.tif,Page,Page 6,6
ark:/21198/z15q6p41,ark:/21198/z1hq5w9g,Masters/othermasters/MEAPmigration/barbadosephemera/images/barb_eph_t0038_0007.tif,Page,Page 7,7
ark:/21198/z15q6p41,ark:/21198/z1cz54k4,Masters/othermasters/MEAPmigration/barbadosephemera/images/barb_eph_t0038_0008.tif,Page,Page 8,8
ark:/21198/z15q6p41,ark:/21198/z189339w,Masters/othermasters/MEAPmigration/barbadosephemera/images/barb_eph_t0038_0009.tif,Page,Page 9,9
ark:/21198/z15q6p41,ark:/21198/z14j2bh8,Masters/othermasters/MEAPmigration/barbadosephemera/images/barb_eph_t0038_0010.tif,Page,Page 10,10
ark:/21198/z15q6p41,ark:/21198/z10s1kr3,Masters/othermasters/MEAPmigration/barbadosephemera/images/barb_eph_t0038_0011.tif,Page,Page 11,11
ark:/21198/z15q6p41,ark:/21198/z1w1138h,Masters/othermasters/MEAPmigration/barbadosephemera/images/barb_eph_t0038_0012.tif,Page,Page 12,12
ark:/21198/z15q6p41,ark:/21198/z1r80bmp,Masters/othermasters/MEAPmigration/barbadosephemera/images/barb_eph_t0038_0013.tif,Page,Page 13,13
ark:/21198/z15q6p41,ark:/21198/z1mg9kxv,Masters/othermasters/MEAPmigration/barbadosephemera/images/barb_eph_t0038_0014.tif,Page,Page 14,14
ark:/21198/z15q6p41,ark:/21198/z1gq8v6j,Masters/othermasters/MEAPmigration/barbadosephemera/images/barb_eph_t0038_0015.tif,Page,Page 15,15
ark:/21198/z11z5xfr,ark:/21198/z1c26sv0,Masters/othermasters/MEAPmigration/barbadosephemera/images/barb_eph_t0039_0001.tif,Page,Page 1,1
ark:/21198/z11z5xfr,ark:/21198/z1796225,Masters/othermasters/MEAPmigration/barbadosephemera/images/barb_eph_t0039_0002.tif,Page,Page 2,2
ark:/21198/z11z5xfr,ark:/21198/z13j5990,Masters/othermasters/MEAPmigration/barbadosephemera/images/barb_eph_t0039_0003.tif,Page,Page 3,3
ark:/21198/z1x65f0m,ark:/21198/z1zs4svr,Masters/othermasters/MEAPmigration/barbadosephemera/images/barb_eph_t0040_0001.tif,Page,Page 1,1
ark:/21198/z1x65f0m,ark:/21198/z1v1425k,Masters/othermasters/MEAPmigration/barbadosephemera/images/barb_eph_t0040_0002.tif,Page,Page 2,2
ark:/21198/z1x65f0m,ark:/21198/z1q839hr,Masters/othermasters/MEAPmigration/barbadosephemera/images/barb_eph_t0040_0003.tif,Page,Page 3,3
ark:/21198/z1x65f0m,ark:/21198/z1kh2jrk,Masters/othermasters/MEAPmigration/barbadosephemera/images/barb_eph_t0040_0004.tif,Page,Page 4,4
ark:/21198/z1x65f0m,ark:/21198/z1fv0hd4,Masters/othermasters/MEAPmigration/barbadosephemera/images/barb_eph_t0040_0005.tif,Page,Page 5,5
ark:/21198/z1sf4p9b,ark:/21198/z1b29rp5,Masters/othermasters/MEAPmigration/barbadosephemera/images/barb_eph_t0041_0001.tif,Page,Page 1,1
ark:/21198/z1sf4p9b,ark:/21198/z16990xc,Masters/othermasters/MEAPmigration/barbadosephemera/images/barb_eph_t0041_0002.tif,Page,Page 2,2
ark:/21198/z1sf4p9b,ark:/21198/z12j8862,Masters/othermasters/MEAPmigration/barbadosephemera/images/barb_eph_t0041_0003.tif,Page,Page 3,3
ark:/21198/z1sf4p9b,ark:/21198/z1xs7rs8,Masters/othermasters/MEAPmigration/barbadosephemera/images/barb_eph_t0041_0004.tif,Page,Page 4,4
ark:/21198/z1ns2n1s,ark:/21198/z1t17133,Masters/othermasters/MEAPmigration/barbadosephemera/images/barb_eph_t0042_0001.tif,Page,Page 1,1
ark:/21198/z1ns2n1s,ark:/21198/z1pc4zs9,Masters/othermasters/MEAPmigration/barbadosephemera/images/barb_eph_t0042_0002.tif,Page,Page 2,2
ark:/21198/z1ns2n1s,ark:/21198/z1jm473t,Masters/othermasters/MEAPmigration/barbadosephemera/images/barb_eph_t0042_0003.tif,Page,Page 3,3
ark:/21198/z1ns2n1s,ark:/21198/z1dv3g96,Masters/othermasters/MEAPmigration/barbadosephemera/images/barb_eph_t0042_0004.tif,Page,Page 4,4
ark:/21198/z1ns2n1s,ark:/21198/z1932qjb,Masters/othermasters/MEAPmigration/barbadosephemera/images/barb_eph_t0042_0005.tif,Page,Page 5,5
ark:/21198/z1ns2n1s,ark:/21198/z15b1zv2,Masters/othermasters/MEAPmigration/barbadosephemera/images/barb_eph_t0042_0006.tif,Page,Page 6,6
ark:/21198/z1ns2n1s,ark:/21198/z11k1761,Masters/othermasters/MEAPmigration/barbadosephemera/images/barb_eph_t0042_0007.tif,Page,Page 7,7
ark:/21198/z1ns2n1s,ark:/21198/z1wt0qpw,Masters/othermasters/MEAPmigration/barbadosephemera/images/barb_eph_t0042_0008.tif,Page,Page 8,8
ark:/21198/z1ns2n1s,ark:/21198/z1s48pcn,Masters/othermasters/MEAPmigration/barbadosephemera/images/barb_eph_t0042_0009.tif,Page,Page 9,9
ark:/21198/z1j11wbt,ark:/21198/z1nc7xnx,Masters/othermasters/MEAPmigration/barbadosephemera/images/barb_eph_t0043_0001.tif,Page,Page 1,1
ark:/21198/z1j11wbt,ark:/21198/z1hm75vp,Masters/othermasters/MEAPmigration/barbadosephemera/images/barb_eph_t0043_0002.tif,Page,Page 2,2
ark:/21198/z1j11wbt,ark:/21198/z1cv6f3x,Masters/othermasters/MEAPmigration/barbadosephemera/images/barb_eph_t0043_0003.tif,Page,Page 3,3
ark:/21198/z1j11wbt,ark:/21198/z1835pdz,Masters/othermasters/MEAPmigration/barbadosephemera/images/barb_eph_t0043_0004.tif,Page,Page 4,4
ark:/21198/z1j11wbt,ark:/21198/z14b4xqp,Masters/othermasters/MEAPmigration/barbadosephemera/images/barb_eph_t0043_0005.tif,Page,Page 5,5
ark:/21198/z1j11wbt,ark:/21198/z10k4616,Masters/othermasters/MEAPmigration/barbadosephemera/images/barb_eph_t0043_0006.tif,Page,Page 6,6
ark:/21198/z1j11wbt,ark:/21198/z1vx2czt,Masters/othermasters/MEAPmigration/barbadosephemera/images/barb_eph_t0043_0007.tif,Page,Page 7,7
ark:/21198/z1j11wbt,ark:/21198/z1r51n6c,Masters/othermasters/MEAPmigration/barbadosephemera/images/barb_eph_t0043_0008.tif,Page,Page 8,8
ark:/21198/z1j11wbt,ark:/21198/z1md0wdr,Masters/othermasters/MEAPmigration/barbadosephemera/images/barb_eph_t0043_0009.tif,Page,Page 9,9
ark:/21198/z1j11wbt,ark:/21198/z1gn04nz,Masters/othermasters/MEAPmigration/barbadosephemera/images/barb_eph_t0043_0010.tif,Page,Page 10,10
ark:/21198/z1j11wbt,ark:/21198/z1bv9d00,Masters/othermasters/MEAPmigration/barbadosephemera/images/barb_eph_t0043_0011.tif,Page,Page 11,11
ark:/21198/z1j11wbt,ark:/21198/z1738n91,Masters/othermasters/MEAPmigration/barbadosephemera/images/barb_eph_t0043_0012.tif,Page,Page 12,12
ark:/21198/z1j11wbt,ark:/21198/z13b7wk9,Masters/othermasters/MEAPmigration/barbadosephemera/images/barb_eph_t0043_0013.tif,Page,Page 13,13
ark:/21198/z1j11wbt,ark:/21198/z1zp63j5,Masters/othermasters/MEAPmigration/barbadosephemera/images/barb_eph_t0043_0014.tif,Page,Page 14,14
ark:/21198/z1j11wbt,ark:/21198/z1tx5bvw,Masters/othermasters/MEAPmigration/barbadosephemera/images/barb_eph_t0043_0015.tif,Page,Page 15,15
ark:/21198/z1j11wbt,ark:/21198/z1q54m1j,Masters/othermasters/MEAPmigration/barbadosephemera/images/barb_eph_t0043_0016.tif,Page,Page 16,16
ark:/21198/z1d814h4,ark:/21198/z1kd3v8c,Masters/othermasters/MEAPmigration/barbadosephemera/images/barb_eph_t0044_0001.tif,Page,Page 1,1
ark:/21198/z1d814h4,ark:/21198/z1fn33kg,Masters/othermasters/MEAPmigration/barbadosephemera/images/barb_eph_t0044_0002.tif,Page,Page 2,2
ark:/21198/z1d814h4,ark:/21198/z19w2bxn,Masters/othermasters/MEAPmigration/barbadosephemera/images/barb_eph_t0044_0003.tif,Page,Page 3,3
ark:/21198/z1d814h4,ark:/21198/z1641m56,Masters/othermasters/MEAPmigration/barbadosephemera/images/barb_eph_t0044_0004.tif,Page,Page 4,4
ark:/21198/z1d814h4,ark:/21198/z12f9jwp,Masters/othermasters/MEAPmigration/barbadosephemera/images/barb_eph_t0044_0005.tif,Page,Page 5,5
ark:/21198/z1d814h4,ark:/21198/z1xp92cb,Masters/othermasters/MEAPmigration/barbadosephemera/images/barb_eph_t0044_0006.tif,Page,Page 6,6
ark:/21198/z1d814h4,ark:/21198/z1sx89kq,Masters/othermasters/MEAPmigration/barbadosephemera/images/barb_eph_t0044_0007.tif,Page,Page 7,7
ark:/21198/z1d814h4,ark:/21198/z1p57jv9,Masters/othermasters/MEAPmigration/barbadosephemera/images/barb_eph_t0044_0008.tif,Page,Page 8,8
ark:/21198/z1d814h4,ark:/21198/z1jd6t5f,Masters/othermasters/MEAPmigration/barbadosephemera/images/barb_eph_t0044_0009.tif,Page,Page 9,9
ark:/21198/z1d814h4,ark:/21198/z1dn62f3,Masters/othermasters/MEAPmigration/barbadosephemera/images/barb_eph_t0044_0010.tif,Page,Page 10,10
ark:/21198/z1d814h4,ark:/21198/z18w59rt,Masters/othermasters/MEAPmigration/barbadosephemera/images/barb_eph_t0044_0011.tif,Page,Page 11,11
ark:/21198/z1d814h4,ark:/21198/z15738f4,Masters/othermasters/MEAPmigration/barbadosephemera/images/barb_eph_t0044_0012.tif,Page,Page 12,12
ark:/21198/z1d814h4,ark:/21198/z11g2hpz,Masters/othermasters/MEAPmigration/barbadosephemera/images/barb_eph_t0044_0013.tif,Page,Page 13,13
ark:/21198/z1d814h4,ark:/21198/z1wq215m,Masters/othermasters/MEAPmigration/barbadosephemera/images/barb_eph_t0044_0014.tif,Page,Page 14,14
ark:/21198/z1d814h4,ark:/21198/z1rz18df,Masters/othermasters/MEAPmigration/barbadosephemera/images/barb_eph_t0044_0015.tif,Page,Page 15,15
ark:/21198/z1d814h4,ark:/21198/z1n60hrx,Masters/othermasters/MEAPmigration/barbadosephemera/images/barb_eph_t0044_0016.tif,Page,Page 16,16
ark:/21198/z1d814h4,ark:/21198/z1hd9s2h,Masters/othermasters/MEAPmigration/barbadosephemera/images/barb_eph_t0044_0017.tif,Page,Page 17,17
ark:/21198/z1d814h4,ark:/21198/z1cn919q,Masters/othermasters/MEAPmigration/barbadosephemera/images/barb_eph_t0044_0018.tif,Page,Page 18,18
ark:/21198/z1d814h4,ark:/21198/z180702x,Masters/othermasters/MEAPmigration/barbadosephemera/images/barb_eph_t0044_0019.tif,Page,Page 19,19
ark:/21198/z1d814h4,ark:/21198/z147679r,Masters/othermasters/MEAPmigration/barbadosephemera/images/barb_eph_t0044_0020.tif,Page,Page 20,20
ark:/21198/z18h0crz,ark:/21198/z10g5gh4,Masters/othermasters/MEAPmigration/barbadosephemera/images/barb_eph_t0045_0001.tif,Page,Page 1,1
ark:/21198/z18h0crz,ark:/21198/z1vq5017,Masters/othermasters/MEAPmigration/barbadosephemera/images/barb_eph_t0045_0002.tif,Page,Page 2,2
ark:/21198/z18h0crz,ark:/21198/z1qz47bz,Masters/othermasters/MEAPmigration/barbadosephemera/images/barb_eph_t0045_0003.tif,Page,Page 3,3
ark:/21198/z18h0crz,ark:/21198/z1m63gpf,Masters/othermasters/MEAPmigration/barbadosephemera/images/barb_eph_t0045_0004.tif,Page,Page 4,4
ark:/21198/z18h0crz,ark:/21198/z1gf2qx8,Masters/othermasters/MEAPmigration/barbadosephemera/images/barb_eph_t0045_0005.tif,Page,Page 5,5
ark:/21198/z18h0crz,ark:/21198/z1bs0pkt,Masters/othermasters/MEAPmigration/barbadosephemera/images/barb_eph_t0045_0006.tif,Page,Page 6,6
ark:/21198/z18h0crz,ark:/21198/z1709xvv,Masters/othermasters/MEAPmigration/barbadosephemera/images/barb_eph_t0045_0007.tif,Page,Page 7,7
ark:/21198/z18h0crz,ark:/21198/z1379621,Masters/othermasters/MEAPmigration/barbadosephemera/images/barb_eph_t0045_0008.tif,Page,Page 8,8
ark:/21198/z18h0crz,ark:/21198/z1zg8pkb,Masters/othermasters/MEAPmigration/barbadosephemera/images/barb_eph_t0045_0009.tif,Page,Page 9,9
ark:/21198/z18h0crz,ark:/21198/z1tq7xxh,Masters/othermasters/MEAPmigration/barbadosephemera/images/barb_eph_t0045_0010.tif,Page,Page 10,10
ark:/21198/z18h0crz,ark:/21198/z1pz7671,Masters/othermasters/MEAPmigration/barbadosephemera/images/barb_eph_t0045_0011.tif,Page,Page 11,11
ark:/21198/z18h0crz,ark:/21198/z1k66fhm,Masters/othermasters/MEAPmigration/barbadosephemera/images/barb_eph_t0045_0012.tif,Page,Page 12,12
ark:/21198/z18h0crz,ark:/21198/z1fj4d6m,Masters/othermasters/MEAPmigration/barbadosephemera/images/barb_eph_t0045_0013.tif,Page,Page 13,13
ark:/21198/z18h0crz,ark:/21198/z19s3nd0,Masters/othermasters/MEAPmigration/barbadosephemera/images/barb_eph_t0045_0014.tif,Page,Page 14,14
ark:/21198/z18h0crz,ark:/21198/z1612wn4,Masters/othermasters/MEAPmigration/barbadosephemera/images/barb_eph_t0045_0015.tif,Page,Page 15,15
ark:/21198/z18h0crz,ark:/21198/z12824xs,Masters/othermasters/MEAPmigration/barbadosephemera/images/barb_eph_t0045_0016.tif,Page,Page 16,16
ark:/21198/z18h0crz,ark:/21198/z1xh1nhd,Masters/othermasters/MEAPmigration/barbadosephemera/images/barb_eph_t0045_0017.tif,Page,Page 17,17
ark:/21198/z18h0crz,ark:/21198/z1sr0wt4,Masters/othermasters/MEAPmigration/barbadosephemera/images/barb_eph_t0045_0018.tif,Page,Page 18,18
ark:/21198/z18h0crz,ark:/21198/z1p00522,Masters/othermasters/MEAPmigration/barbadosephemera/images/barb_eph_t0045_0019.tif,Page,Page 19,19
ark:/21198/z18h0crz,ark:/21198/z1j983t0,Masters/othermasters/MEAPmigration/barbadosephemera/images/barb_eph_t0045_0020.tif,Page,Page 20,20
ark:/21198/z14q9n13,ark:/21198/z1dj7c27,Masters/othermasters/MEAPmigration/barbadosephemera/images/barb_eph_t0046_0001.tif,Page,Page 1,1
ark:/21198/z14q9n13,ark:/21198/z18s6m8m,Masters/othermasters/MEAPmigration/barbadosephemera/images/barb_eph_t0046_0002.tif,Page,Page 2,2
ark:/21198/z14q9n13,ark:/21198/z1515vkn,Masters/othermasters/MEAPmigration/barbadosephemera/images/barb_eph_t0046_0003.tif,Page,Page 3,3
ark:/21198/z14q9n13,ark:/21198/z11853wr,Masters/othermasters/MEAPmigration/barbadosephemera/images/barb_eph_t0046_0004.tif,Page,Page 4,4
ark:/21198/z14q9n13,ark:/21198/z1wh4mfx,Masters/othermasters/MEAPmigration/barbadosephemera/images/barb_eph_t0046_0005.tif,Page,Page 5,5
ark:/21198/z14q9n13,ark:/21198/z1rv2k4x,Masters/othermasters/MEAPmigration/barbadosephemera/images/barb_eph_t0046_0006.tif,Page,Page 6,6
ark:/21198/z14q9n13,ark:/21198/z1n31tc2,Masters/othermasters/MEAPmigration/barbadosephemera/images/barb_eph_t0046_0007.tif,Page,Page 7,7
ark:/21198/z14q9n13,ark:/21198/z1hb12m8,Masters/othermasters/MEAPmigration/barbadosephemera/images/barb_eph_t0046_0008.tif,Page,Page 8,8
ark:/21198/z14q9n13,ark:/21198/z1ck09v3,Masters/othermasters/MEAPmigration/barbadosephemera/images/barb_eph_t0046_0009.tif,Page,Page 9,9
ark:/21198/z14q9n13,ark:/21198/z17s9k47,Masters/othermasters/MEAPmigration/barbadosephemera/images/barb_eph_t0046_0010.tif,Page,Page 10,10
ark:/21198/z14q9n13,ark:/21198/z1418tgq,Masters/othermasters/MEAPmigration/barbadosephemera/images/barb_eph_t0046_0011.tif,Page,Page 11,11
ark:/21198/z14q9n13,ark:/21198/z10882rc,Masters/othermasters/MEAPmigration/barbadosephemera/images/barb_eph_t0046_0012.tif,Page,Page 12,12
ark:/21198/z10z8wdq,ark:/21198/z1vm68nz,Masters/othermasters/MEAPmigration/barbadosephemera/images/barb_eph_t0047_0001.tif,Page,Page 1,1
ark:/21198/z10z8wdq,ark:/21198/z1qv5hzp,Masters/othermasters/MEAPmigration/barbadosephemera/images/barb_eph_t0047_0002.tif,Page,Page 2,2
ark:/21198/z10z8wdq,ark:/21198/z1m34s5s,Masters/othermasters/MEAPmigration/barbadosephemera/images/barb_eph_t0047_0003.tif,Page,Page 3,3
ark:/21198/z10z8wdq,ark:/21198/z1gb41d0,Masters/othermasters/MEAPmigration/barbadosephemera/images/barb_eph_t0047_0004.tif,Page,Page 4,4
ark:/21198/z10z8wdq,ark:/21198/z1bk38qq,Masters/othermasters/MEAPmigration/barbadosephemera/images/barb_eph_t0047_0005.tif,Page,Page 5,5
ark:/21198/z10z8wdq,ark:/21198/z16t2j29,Masters/othermasters/MEAPmigration/barbadosephemera/images/barb_eph_t0047_0006.tif,Page,Page 6,6
ark:/21198/z10z8wdq,ark:/21198/z1321sbw,Masters/othermasters/MEAPmigration/barbadosephemera/images/barb_eph_t0047_0007.tif,Page,Page 7,7
ark:/21198/z10z8wdq,ark:/21198/z1zd009r,Masters/othermasters/MEAPmigration/barbadosephemera/images/barb_eph_t0047_0008.tif,Page,Page 8,8
ark:/21198/z10z8wdq,ark:/21198/z1tm97kg,Masters/othermasters/MEAPmigration/barbadosephemera/images/barb_eph_t0047_0009.tif,Page,Page 9,9
ark:/21198/z10z8wdq,ark:/21198/z1pv8gsv,Masters/othermasters/MEAPmigration/barbadosephemera/images/barb_eph_t0047_0010.tif,Page,Page 10,10
ark:/21198/z10z8wdq,ark:/21198/z1k37r1d,Masters/othermasters/MEAPmigration/barbadosephemera/images/barb_eph_t0047_0011.tif,Page,Page 11,11
ark:/21198/z10z8wdq,ark:/21198/z1fb70bh,Masters/othermasters/MEAPmigration/barbadosephemera/images/barb_eph_t0047_0012.tif,Page,Page 12,12
ark:/21198/z10z8wdq,ark:/21198/z19k67n7,Masters/othermasters/MEAPmigration/barbadosephemera/images/barb_eph_t0047_0013.tif,Page,Page 13,13
ark:/21198/z10z8wdq,ark:/21198/z15t5gzz,Masters/othermasters/MEAPmigration/barbadosephemera/images/barb_eph_t0047_0014.tif,Page,Page 14,14
ark:/21198/z1w68cxq,ark:/21198/z1253fn8,Masters/othermasters/MEAPmigration/barbadosephemera/images/barb_eph_t0048_0001.tif,Page,Page 1,1
ark:/21198/z1w68cxq,ark:/21198/z1xd2z4j,Masters/othermasters/MEAPmigration/barbadosephemera/images/barb_eph_t0048_0002.tif,Page,Page 2,2
ark:/21198/z1w68cxq,ark:/21198/z1sn26cr,Masters/othermasters/MEAPmigration/barbadosephemera/images/barb_eph_t0048_0003.tif,Page,Page 3,3
ark:/21198/z1rj6bk8,ark:/21198/z1nw1fmk,Masters/othermasters/MEAPmigration/barbadosephemera/images/barb_eph_t0049_0001.tif,Page,Page 1,1
ark:/21198/z1rj6bk8,ark:/21198/z1j40pxm,Masters/othermasters/MEAPmigration/barbadosephemera/images/barb_eph_t0049_0002.tif,Page,Page 2,2
ark:/21198/z1rj6bk8,ark:/21198/z1db9z8n,Masters/othermasters/MEAPmigration/barbadosephemera/images/barb_eph_t0049_0003.tif,Page,Page 3,3
ark:/21198/z1rj6bk8,ark:/21198/z18k96hv,Masters/othermasters/MEAPmigration/barbadosephemera/images/barb_eph_t0049_0004.tif,Page,Page 4,4
ark:/21198/z1rj6bk8,ark:/21198/z14x756v,Masters/othermasters/MEAPmigration/barbadosephemera/images/barb_eph_t0049_0005.tif,Page,Page 5,5
ark:/21198/z1rj6bk8,ark:/21198/z1156dhw,Masters/othermasters/MEAPmigration/barbadosephemera/images/barb_eph_t0049_0006.tif,Page,Page 6,6
ark:/21198/z1rj6bk8,ark:/21198/z1wd5wz9,Masters/othermasters/MEAPmigration/barbadosephemera/images/barb_eph_t0049_0007.tif,Page,Page 7,7
ark:/21198/z1rj6bk8,ark:/21198/z1rn556x,Masters/othermasters/MEAPmigration/barbadosephemera/images/barb_eph_t0049_0008.tif,Page,Page 8,8
ark:/21198/z1ms5kxf,ark:/21198/z1mw4dhn,Masters/othermasters/MEAPmigration/barbadosephemera/images/barb_eph_t0050_0001.tif,Page,Page 1,1
ark:/21198/z1ms5kxf,ark:/21198/z1h43nv4,Masters/othermasters/MEAPmigration/barbadosephemera/images/barb_eph_t0050_0002.tif,Page,Page 2,2
ark:/21198/z1ms5kxf,ark:/21198/z1cc2x4t,Masters/othermasters/MEAPmigration/barbadosephemera/images/barb_eph_t0050_0003.tif,Page,Page 3,3
ark:/21198/z1ms5kxf,ark:/21198/z17q0vvv,Masters/othermasters/MEAPmigration/barbadosephemera/images/barb_eph_t0050_0004.tif,Page,Page 4,4
ark:/21198/z1ms5kxf,ark:/21198/z13z043g,Masters/othermasters/MEAPmigration/barbadosephemera/images/barb_eph_t0050_0005.tif,Page,Page 5,5
ark:/21198/z1ms5kxf,ark:/21198/z1059cb2,Masters/othermasters/MEAPmigration/barbadosephemera/images/barb_eph_t0050_0006.tif,Page,Page 6,6
ark:/21198/z1ms5kxf,ark:/21198/z1vd8vtx,Masters/othermasters/MEAPmigration/barbadosephemera/images/barb_eph_t0050_0007.tif,Page,Page 7,7
ark:/21198/z1ms5kxf,ark:/21198/z1qn845w,Masters/othermasters/MEAPmigration/barbadosephemera/images/barb_eph_t0050_0008.tif,Page,Page 8,8
ark:/21198/z1ms5kxf,ark:/21198/z1kw7cf5,Masters/othermasters/MEAPmigration/barbadosephemera/images/barb_eph_t0050_0009.tif,Page,Page 9,9
ark:/21198/z1ms5kxf,ark:/21198/z1g46mr6,Masters/othermasters/MEAPmigration/barbadosephemera/images/barb_eph_t0050_0010.tif,Page,Page 10,10
ark:/21198/z1ms5kxf,ark:/21198/z1bg4kf6,Masters/othermasters/MEAPmigration/barbadosephemera/images/barb_eph_t0050_0011.tif,Page,Page 11,11
ark:/21198/z1ms5kxf,ark:/21198/z16q3tp1,Masters/othermasters/MEAPmigration/barbadosephemera/images/barb_eph_t0050_0012.tif,Page,Page 12,12
ark:/21198/z1ms5kxf,ark:/21198/z12z32x7,Masters/othermasters/MEAPmigration/barbadosephemera/images/barb_eph_t0050_0013.tif,Page,Page 13,13
ark:/21198/z1ms5kxf,ark:/21198/z1z62kdt,Masters/othermasters/MEAPmigration/barbadosephemera/images/barb_eph_t0050_0014.tif,Page,Page 14,14
ark:/21198/z1ms5kxf,ark:/21198/z1tf1tqj,Masters/othermasters/MEAPmigration/barbadosephemera/images/barb_eph_t0050_0015.tif,Page,Page 15,15
ark:/21198/z1h14v33,ark:/21198/z1pp133z,Masters/othermasters/MEAPmigration/barbadosephemera/images/barb_eph_t0051_0001.tif,Page,Page 1,1
ark:/21198/z1h14v33,ark:/21198/z1jx0bbs,Masters/othermasters/MEAPmigration/barbadosephemera/images/barb_eph_t0051_0002.tif,Page,Page 2,2
ark:/21198/z1h14v33,ark:/21198/z1f788z7,Masters/othermasters/MEAPmigration/barbadosephemera/images/barb_eph_t0051_0003.tif,Page,Page 3,3
ark:/21198/z1h14v33,ark:/21198/z19g7j7x,Masters/othermasters/MEAPmigration/barbadosephemera/images/barb_eph_t0051_0004.tif,Page,Page 4,4
ark:/21198/z1h14v33,ark:/21198/z15q6sf9,Masters/othermasters/MEAPmigration/barbadosephemera/images/barb_eph_t0051_0005.tif,Page,Page 5,5
ark:/21198/z1h14v33,ark:/21198/z11z61rd,Masters/othermasters/MEAPmigration/barbadosephemera/images/barb_eph_t0051_0006.tif,Page,Page 6,6
ark:/21198/z1h14v33,ark:/21198/z1x65j9w,Masters/othermasters/MEAPmigration/barbadosephemera/images/barb_eph_t0051_0007.tif,Page,Page 7,7
ark:/21198/z1h14v33,ark:/21198/z1sf4smm,Masters/othermasters/MEAPmigration/barbadosephemera/images/barb_eph_t0051_0008.tif,Page,Page 8,8
ark:/21198/z1h14v33,ark:/21198/z1np41vt,Masters/othermasters/MEAPmigration/barbadosephemera/images/barb_eph_t0051_0009.tif,Page,Page 9,9
ark:/21198/z1h14v33,ark:/21198/z1j120m1,Masters/othermasters/MEAPmigration/barbadosephemera/images/barb_eph_t0051_0010.tif,Page,Page 10,10
ark:/21198/z1h14v33,ark:/21198/z1d817vv,Masters/othermasters/MEAPmigration/barbadosephemera/images/barb_eph_t0051_0011.tif,Page,Page 11,11
ark:/21198/z1c843b9,ark:/21198/z18h0h33,Masters/othermasters/MEAPmigration/barbadosephemera/images/barb_eph_t0052_0001.tif,Page,Page 1,1
ark:/21198/z17h3bmk,ark:/21198/z14q9rbc,Masters/othermasters/MEAPmigration/barbadosephemera/images/barb_eph_t0053_0001.tif,Page,Page 1,1
ark:/21198/z17h3bmk,ark:/21198/z10z90px,Masters/othermasters/MEAPmigration/barbadosephemera/images/barb_eph_t0053_0002.tif,Page,Page 2,2
ark:/21198/z17h3bmk,ark:/21198/z1w68h6z,Masters/othermasters/MEAPmigration/barbadosephemera/images/barb_eph_t0053_0003.tif,Page,Page 3,3
ark:/21198/z17h3bmk,ark:/21198/z1rj6fwj,Masters/othermasters/MEAPmigration/barbadosephemera/images/barb_eph_t0053_0004.tif,Page,Page 4,4
ark:/21198/z17h3bmk,ark:/21198/z1ms5q74,Masters/othermasters/MEAPmigration/barbadosephemera/images/barb_eph_t0053_0005.tif,Page,Page 5,5
ark:/21198/z17h3bmk,ark:/21198/z1h14zft,Masters/othermasters/MEAPmigration/barbadosephemera/images/barb_eph_t0053_0006.tif,Page,Page 6,6
ark:/21198/z17h3bmk,ark:/21198/z1c846p1,Masters/othermasters/MEAPmigration/barbadosephemera/images/barb_eph_t0053_0007.tif,Page,Page 7,7
ark:/21198/z13r2kzr,ark:/21198/z17h3fz9,Masters/othermasters/MEAPmigration/barbadosephemera/images/barb_eph_t0054_0001.tif,Page,Page 1,1
ark:/21198/z13r2kzr,ark:/21198/z13r2q8f,Masters/othermasters/MEAPmigration/barbadosephemera/images/barb_eph_t0054_0002.tif,Page,Page 2,2
ark:/21198/z13r2kzr,ark:/21198/z1001zkg,Masters/othermasters/MEAPmigration/barbadosephemera/images/barb_eph_t0054_0003.tif,Page,Page 3,3
ark:/21198/z1001v86,ark:/21198/z1vb05gf,Masters/othermasters/MEAPmigration/barbadosephemera/images/barb_eph_t0055_0001.tif,Page,Page 1,1
ark:/21198/z1001v86,ark:/21198/z1qj9dqq,Masters/othermasters/MEAPmigration/barbadosephemera/images/barb_eph_t0055_0002.tif,Page,Page 2,2
ark:/21198/z1001v86,ark:/21198/z1ks8p0d,Masters/othermasters/MEAPmigration/barbadosephemera/images/barb_eph_t0055_0003.tif,Page,Page 3,3
ark:/21198/z1001v86,ark:/21198/z1g17x63,Masters/othermasters/MEAPmigration/barbadosephemera/images/barb_eph_t0055_0004.tif,Page,Page 4,4
ark:/21198/z1001v86,ark:/21198/z1b875h6,Masters/othermasters/MEAPmigration/barbadosephemera/images/barb_eph_t0055_0005.tif,Page,Page 5,5
ark:/21198/z1001v86,ark:/21198/z16h6dtx,Masters/othermasters/MEAPmigration/barbadosephemera/images/barb_eph_t0055_0006.tif,Page,Page 6,6
ark:/21198/z1001v86,ark:/21198/z12r5p42,Masters/othermasters/MEAPmigration/barbadosephemera/images/barb_eph_t0055_0007.tif,Page,Page 7,7
ark:/21198/z1001v86,ark:/21198/z1z33w3v,Masters/othermasters/MEAPmigration/barbadosephemera/images/barb_eph_t0055_0008.tif,Page,Page 8,8
ark:/21198/z1001v86,ark:/21198/z1tb34ch,Masters/othermasters/MEAPmigration/barbadosephemera/images/barb_eph_t0055_0009.tif,Page,Page 9,9
ark:/21198/z1001v86,ark:/21198/z1pk2cjf,Masters/othermasters/MEAPmigration/barbadosephemera/images/barb_eph_t0055_0010.tif,Page,Page 10,10
ark:/21198/z1001v86,ark:/21198/z1jt1ms8,Masters/othermasters/MEAPmigration/barbadosephemera/images/barb_eph_t0055_0011.tif,Page,Page 11,11
ark:/21198/z1001v86,ark:/21198/z1f20w28,Masters/othermasters/MEAPmigration/barbadosephemera/images/barb_eph_t0055_0012.tif,Page,Page 12,12
ark:/21198/z1001v86,ark:/21198/z19904dt,Masters/othermasters/MEAPmigration/barbadosephemera/images/barb_eph_t0055_0013.tif,Page,Page 13,13
ark:/21198/z1001v86,ark:/21198/z15h9cpj,Masters/othermasters/MEAPmigration/barbadosephemera/images/barb_eph_t0055_0014.tif,Page,Page 14,14
ark:/21198/z1001v86,ark:/21198/z11v7bd0,Masters/othermasters/MEAPmigration/barbadosephemera/images/barb_eph_t0055_0015.tif,Page,Page 15,15
ark:/21198/z1001v86,ark:/21198/z1x36tz2,Masters/othermasters/MEAPmigration/barbadosephemera/images/barb_eph_t0055_0016.tif,Page,Page 16,16
ark:/21198/z1001v86,ark:/21198/z1sb6357,Masters/othermasters/MEAPmigration/barbadosephemera/images/barb_eph_t0055_0017.tif,Page,Page 17,17
ark:/21198/z1vb0255,ark:/21198/z1nk5bd2,Masters/othermasters/MEAPmigration/barbadosephemera/images/barb_eph_t0056_0001.tif,Page,Page 1,1
ark:/21198/z1vb0255,ark:/21198/z1ht4kqs,Masters/othermasters/MEAPmigration/barbadosephemera/images/barb_eph_t0056_0002.tif,Page,Page 2,2
ark:/21198/z1vb0255,ark:/21198/z1d23v17,Masters/othermasters/MEAPmigration/barbadosephemera/images/barb_eph_t0056_0003.tif,Page,Page 3,3
ark:/21198/z1vb0255,ark:/21198/z18933bb,Masters/othermasters/MEAPmigration/barbadosephemera/images/barb_eph_t0056_0004.tif,Page,Page 4,4
ark:/21198/z1vb0255,ark:/21198/z14n120w,Masters/othermasters/MEAPmigration/barbadosephemera/images/barb_eph_t0056_0005.tif,Page,Page 5,5
ark:/21198/z1vb0255,ark:/21198/z10w097q,Masters/othermasters/MEAPmigration/barbadosephemera/images/barb_eph_t0056_0006.tif,Page,Page 6,6
ark:/21198/z1vb0255,ark:/21198/z1w39sqb,Masters/othermasters/MEAPmigration/barbadosephemera/images/barb_eph_t0056_0007.tif,Page,Page 7,7
ark:/21198/z1vb0255,ark:/21198/z1rb91zj,Masters/othermasters/MEAPmigration/barbadosephemera/images/barb_eph_t0056_0008.tif,Page,Page 8,8
ark:/21198/z1vb0255,ark:/21198/z1mk898p,Masters/othermasters/MEAPmigration/barbadosephemera/images/barb_eph_t0056_0009.tif,Page,Page 9,9
ark:/21198/z1vb0255,ark:/21198/z1gt7jkd,Masters/othermasters/MEAPmigration/barbadosephemera/images/barb_eph_t0056_0010.tif,Page,Page 10,10
ark:/21198/z1vb0255,ark:/21198/z1c26swf,Masters/othermasters/MEAPmigration/barbadosephemera/images/barb_eph_t0056_0011.tif,Page,Page 11,11
ark:/21198/z1vb0255,ark:/21198/z17d4rkf,Masters/othermasters/MEAPmigration/barbadosephemera/images/barb_eph_t0056_0012.tif,Page,Page 12,12
ark:/21198/z1vb0255,ark:/21198/z13n40v3,Masters/othermasters/MEAPmigration/barbadosephemera/images/barb_eph_t0056_0013.tif,Page,Page 13,13
ark:/21198/z1vb0255,ark:/21198/z1zw3h9x,Masters/othermasters/MEAPmigration/barbadosephemera/images/barb_eph_t0056_0014.tif,Page,Page 14,14
ark:/21198/z1vb0255,ark:/21198/z1v42rj2,Masters/othermasters/MEAPmigration/barbadosephemera/images/barb_eph_t0056_0015.tif,Page,Page 15,15
ark:/21198/z1vb0255,ark:/21198/z1qc20v5,Masters/othermasters/MEAPmigration/barbadosephemera/images/barb_eph_t0056_0016.tif,Page,Page 16,16
ark:/21198/z1vb0255,ark:/21198/z1km186r,Masters/othermasters/MEAPmigration/barbadosephemera/images/barb_eph_t0056_0017.tif,Page,Page 17,17
ark:/21198/z1vb0255,ark:/21198/z1fv0hfk,Masters/othermasters/MEAPmigration/barbadosephemera/images/barb_eph_t0056_0018.tif,Page,Page 18,18
ark:/21198/z1vb0255,ark:/21198/z1b58g5s,Masters/othermasters/MEAPmigration/barbadosephemera/images/barb_eph_t0056_0019.tif,Page,Page 19,19
ark:/21198/z1vb0255,ark:/21198/z16d7qf2,Masters/othermasters/MEAPmigration/barbadosephemera/images/barb_eph_t0056_0020.tif,Page,Page 20,20
ark:/21198/z1vb0255,ark:/21198/z12n6znf,Masters/othermasters/MEAPmigration/barbadosephemera/images/barb_eph_t0056_0021.tif,Page,Page 21,21
ark:/21198/z1vb0255,ark:/21198/z1xw6g5j,Masters/othermasters/MEAPmigration/barbadosephemera/images/barb_eph_t0056_0022.tif,Page,Page 22,22
ark:/21198/z1vb0255,ark:/21198/z1t45qgk,Masters/othermasters/MEAPmigration/barbadosephemera/images/barb_eph_t0056_0023.tif,Page,Page 23,23
ark:/21198/z1vb0255,ark:/21198/z1pc4ztr,Masters/othermasters/MEAPmigration/barbadosephemera/images/barb_eph_t0056_0024.tif,Page,Page 24,24
ark:/21198/z1vb0255,ark:/21198/z1jm4748,Masters/othermasters/MEAPmigration/barbadosephemera/images/barb_eph_t0056_0025.tif,Page,Page 25,25
ark:/21198/z1vb0255,ark:/21198/z1dz25rz,Masters/othermasters/MEAPmigration/barbadosephemera/images/barb_eph_t0056_0026.tif,Page,Page 26,26
ark:/21198/z1vb0255,ark:/21198/z1961f0h,Masters/othermasters/MEAPmigration/barbadosephemera/images/barb_eph_t0056_0027.tif,Page,Page 27,27
ark:/21198/z1vb0255,ark:/21198/z15f0p7b,Masters/othermasters/MEAPmigration/barbadosephemera/images/barb_eph_t0056_0028.tif,Page,Page 28,28
ark:/21198/z1qj99df,ark:/21198/z11n9xgm,Masters/othermasters/MEAPmigration/barbadosephemera/images/barb_eph_t0057_0001.tif,Page,Page 1,1
ark:/21198/z1qj99df,ark:/21198/z1ww9f2m,Masters/othermasters/MEAPmigration/barbadosephemera/images/barb_eph_t0057_0002.tif,Page,Page 2,2
ark:/21198/z1qj99df,ark:/21198/z1s48pd3,Masters/othermasters/MEAPmigration/barbadosephemera/images/barb_eph_t0057_0003.tif,Page,Page 3,3
ark:/21198/z1qj99df,ark:/21198/z1nc7xpc,Masters/othermasters/MEAPmigration/barbadosephemera/images/barb_eph_t0057_0004.tif,Page,Page 4,4
ark:/21198/z1ks8jn8,ark:/21198/z1hq5wbx,Masters/othermasters/MEAPmigration/barbadosephemera/images/barb_eph_t0058_0001.tif,Page,Page 1,1
ark:/21198/z1ks8jn8,ark:/21198/z1cz54mk,Masters/othermasters/MEAPmigration/barbadosephemera/images/barb_eph_t0058_0002.tif,Page,Page 2,2
ark:/21198/z1ks8jn8,ark:/21198/z1864ct8,Masters/othermasters/MEAPmigration/barbadosephemera/images/barb_eph_t0058_0003.tif,Page,Page 3,3
ark:/21198/z1ks8jn8,ark:/21198/z14f3n3z,Masters/othermasters/MEAPmigration/barbadosephemera/images/barb_eph_t0058_0004.tif,Page,Page 4,4
ark:/21198/z1ks8jn8,ark:/21198/z10p2wdp,Masters/othermasters/MEAPmigration/barbadosephemera/images/barb_eph_t0058_0005.tif,Page,Page 5,5
ark:/21198/z1ks8jn8,ark:/21198/z1vx2d0p,Masters/othermasters/MEAPmigration/barbadosephemera/images/barb_eph_t0058_0006.tif,Page,Page 6,6
ark:/21198/z1ks8jn8,ark:/21198/z1r80bn4,Masters/othermasters/MEAPmigration/barbadosephemera/images/barb_eph_t0058_0007.tif,Page,Page 7,7
ark:/21198/z1ks8jn8,ark:/21198/z1mg9kz9,Masters/othermasters/MEAPmigration/barbadosephemera/images/barb_eph_t0058_0008.tif,Page,Page 8,8
ark:/21198/z1ks8jn8,ark:/21198/z1gq8v70,Masters/othermasters/MEAPmigration/barbadosephemera/images/barb_eph_t0058_0009.tif,Page,Page 9,9
ark:/21198/z1ks8jn8,ark:/21198/z1bz83fr,Masters/othermasters/MEAPmigration/barbadosephemera/images/barb_eph_t0058_0010.tif,Page,Page 10,10
ark:/21198/z1ks8jn8,ark:/21198/z1767bqb,Masters/othermasters/MEAPmigration/barbadosephemera/images/barb_eph_t0058_0011.tif,Page,Page 11,11
ark:/21198/z1ks8jn8,ark:/21198/z13f6m2x,Masters/othermasters/MEAPmigration/barbadosephemera/images/barb_eph_t0058_0012.tif,Page,Page 12,12
ark:/21198/z1ks8jn8,ark:/21198/z1zp63km,Masters/othermasters/MEAPmigration/barbadosephemera/images/barb_eph_t0058_0013.tif,Page,Page 13,13
ark:/21198/z1ks8jn8,ark:/21198/z1v14261,Masters/othermasters/MEAPmigration/barbadosephemera/images/barb_eph_t0058_0014.tif,Page,Page 14,14
ark:/21198/z1ks8jn8,ark:/21198/z1q839j6,Masters/othermasters/MEAPmigration/barbadosephemera/images/barb_eph_t0058_0015.tif,Page,Page 15,15
ark:/21198/z1ks8jn8,ark:/21198/z1kh2js1,Masters/othermasters/MEAPmigration/barbadosephemera/images/barb_eph_t0058_0016.tif,Page,Page 16,16
ark:/21198/z1ks8jn8,ark:/21198/z1fr1t18,Masters/othermasters/MEAPmigration/barbadosephemera/images/barb_eph_t0058_0017.tif,Page,Page 17,17
ark:/21198/z1ks8jn8,ark:/21198/z1b0128s,Masters/othermasters/MEAPmigration/barbadosephemera/images/barb_eph_t0058_0018.tif,Page,Page 18,18
ark:/21198/z1ks8jn8,ark:/21198/z16709mz,Masters/othermasters/MEAPmigration/barbadosephemera/images/barb_eph_t0058_0019.tif,Page,Page 19,19
ark:/21198/z1ks8jn8,ark:/21198/z12f9jx4,Masters/othermasters/MEAPmigration/barbadosephemera/images/barb_eph_t0058_0020.tif,Page,Page 20,20
ark:/21198/z1g17swd,ark:/21198/z1xs7rtq,Masters/othermasters/MEAPmigration/barbadosephemera/images/barb_eph_t0059_0001.tif,Page,Page 1,1
ark:/21198/z1g17swd,ark:/21198/z1t1714j,Masters/othermasters/MEAPmigration/barbadosephemera/images/barb_eph_t0059_0002.tif,Page,Page 2,2
ark:/21198/z1g17swd,ark:/21198/z1p868bx,Masters/othermasters/MEAPmigration/barbadosephemera/images/barb_eph_t0059_0003.tif,Page,Page 3,3
ark:/21198/z1g17swd,ark:/21198/z1jh5hj9,Masters/othermasters/MEAPmigration/barbadosephemera/images/barb_eph_t0059_0004.tif,Page,Page 4,4
ark:/21198/z1g17swd,ark:/21198/z1dr4rv1,Masters/othermasters/MEAPmigration/barbadosephemera/images/barb_eph_t0059_0005.tif,Page,Page 5,5
ark:/21198/z1g17swd,ark:/21198/z190415v,Masters/othermasters/MEAPmigration/barbadosephemera/images/barb_eph_t0059_0006.tif,Page,Page 6,6
ark:/21198/z1g17swd,ark:/21198/z15738gk,Masters/othermasters/MEAPmigration/barbadosephemera/images/barb_eph_t0059_0007.tif,Page,Page 7,7
ark:/21198/z1g17swd,ark:/21198/z11k177g,Masters/othermasters/MEAPmigration/barbadosephemera/images/barb_eph_t0059_0008.tif,Page,Page 8,8
ark:/21198/z1g17swd,ark:/21198/z1wt0qqb,Masters/othermasters/MEAPmigration/barbadosephemera/images/barb_eph_t0059_0009.tif,Page,Page 9,9
ark:/21198/z1g17swd,ark:/21198/z1s19zzx,Masters/othermasters/MEAPmigration/barbadosephemera/images/barb_eph_t0059_0010.tif,Page,Page 10,10
ark:/21198/z1g17swd,ark:/21198/z1n89753,Masters/othermasters/MEAPmigration/barbadosephemera/images/barb_eph_t0059_0011.tif,Page,Page 11,11
ark:/21198/z1g17swd,ark:/21198/z1hh8gfc,Masters/othermasters/MEAPmigration/barbadosephemera/images/barb_eph_t0059_0012.tif,Page,Page 12,12
ark:/21198/z1b8726x,ark:/21198/z1cr7qsj,Masters/othermasters/MEAPmigration/barbadosephemera/images/barb_eph_t0060_0001.tif,Page,Page 1,1
ark:/21198/z1b8726x,ark:/21198/z180703c,Masters/othermasters/MEAPmigration/barbadosephemera/images/barb_eph_t0060_0002.tif,Page,Page 2,2
ark:/21198/z1b8726x,ark:/21198/z14b4xr4,Masters/othermasters/MEAPmigration/barbadosephemera/images/barb_eph_t0060_0003.tif,Page,Page 3,3
ark:/21198/z1b8726x,ark:/21198/z10k462n,Masters/othermasters/MEAPmigration/barbadosephemera/images/barb_eph_t0060_0004.tif,Page,Page 4,4
ark:/21198/z1b8726x,ark:/21198/z1vt3ph2,Masters/othermasters/MEAPmigration/barbadosephemera/images/barb_eph_t0060_0005.tif,Page,Page 5,5
ark:/21198/z1b8726x,ark:/21198/z1r22xr6,Masters/othermasters/MEAPmigration/barbadosephemera/images/barb_eph_t0060_0006.tif,Page,Page 6,6
ark:/21198/z1b8726x,ark:/21198/z1m92618,Masters/othermasters/MEAPmigration/barbadosephemera/images/barb_eph_t0060_0007.tif,Page,Page 7,7
ark:/21198/z1b8726x,ark:/21198/z1gj1fcf,Masters/othermasters/MEAPmigration/barbadosephemera/images/barb_eph_t0060_0008.tif,Page,Page 8,8
ark:/21198/z1b8726x,ark:/21198/z1bs0pm8,Masters/othermasters/MEAPmigration/barbadosephemera/images/barb_eph_t0060_0009.tif,Page,Page 9,9
ark:/21198/z1b8726x,ark:/21198/z1738nbg,Masters/othermasters/MEAPmigration/barbadosephemera/images/barb_eph_t0060_0010.tif,Page,Page 10,10
ark:/21198/z1b8726x,ark:/21198/z13b7wmr,Masters/othermasters/MEAPmigration/barbadosephemera/images/barb_eph_t0060_0011.tif,Page,Page 11,11
ark:/21198/z1b8726x,ark:/21198/z1zk7d3d,Masters/othermasters/MEAPmigration/barbadosephemera/images/barb_eph_t0060_0012.tif,Page,Page 12,12
ark:/21198/z1b8726x,ark:/21198/z1tt6n9s,Masters/othermasters/MEAPmigration/barbadosephemera/images/barb_eph_t0060_0013.tif,Page,Page 13,13
ark:/21198/z1b8726x,ark:/21198/z1q25wmt,Masters/othermasters/MEAPmigration/barbadosephemera/images/barb_eph_t0060_0014.tif,Page,Page 14,14
ark:/21198/z1b8726x,ark:/21198/z1k954xx,Masters/othermasters/MEAPmigration/barbadosephemera/images/barb_eph_t0060_0015.tif,Page,Page 15,15
ark:/21198/z1b8726x,ark:/21198/z1fj4d72,Masters/othermasters/MEAPmigration/barbadosephemera/images/barb_eph_t0060_0016.tif,Page,Page 16,16
ark:/21198/z1b8726x,ark:/21198/z19w2bz3,Masters/othermasters/MEAPmigration/barbadosephemera/images/barb_eph_t0060_0017.tif,Page,Page 17,17
ark:/21198/z1b8726x,ark:/21198/z1641m6n,Masters/othermasters/MEAPmigration/barbadosephemera/images/barb_eph_t0060_0018.tif,Page,Page 18,18
ark:/21198/z1b8726x,ark:/21198/z12c0vfg,Masters/othermasters/MEAPmigration/barbadosephemera/images/barb_eph_t0060_0019.tif,Page,Page 19,19
ark:/21198/z1b8726x,ark:/21198/z1xm0bxq,Masters/othermasters/MEAPmigration/barbadosephemera/images/barb_eph_t0060_0020.tif,Page,Page 20,20
ark:/21198/z16h69j3,ark:/21198/z1st9m6v,Masters/othermasters/MEAPmigration/barbadosephemera/images/barb_eph_t0061_0001.tif,Page,Page 1,1
ark:/21198/z16h69j3,ark:/21198/z1p28vjb,Masters/othermasters/MEAPmigration/barbadosephemera/images/barb_eph_t0061_0002.tif,Page,Page 2,2
ark:/21198/z16h69j3,ark:/21198/z1j983vf,Masters/othermasters/MEAPmigration/barbadosephemera/images/barb_eph_t0061_0003.tif,Page,Page 3,3
ark:/21198/z16h69j3,ark:/21198/z1dn62gj,Masters/othermasters/MEAPmigration/barbadosephemera/images/barb_eph_t0061_0004.tif,Page,Page 4,4
ark:/21198/z12v486n,ark:/21198/z18w59s8,Masters/othermasters/MEAPmigration/barbadosephemera/images/barb_eph_t0062_0001.tif,Page,Page 1,1
ark:/21198/z12v486n,ark:/21198/z1544k0c,Masters/othermasters/MEAPmigration/barbadosephemera/images/barb_eph_t0062_0002.tif,Page,Page 2,2
ark:/21198/z12v486n,ark:/21198/z11c3t76,Masters/othermasters/MEAPmigration/barbadosephemera/images/barb_eph_t0062_0003.tif,Page,Page 3,3
ark:/21198/z12v486n,ark:/21198/z1wm39sb,Masters/othermasters/MEAPmigration/barbadosephemera/images/barb_eph_t0062_0004.tif,Page,Page 4,4
ark:/21198/z1z33rtm,ark:/21198/z1rv2k5c,Masters/othermasters/MEAPmigration/barbadosephemera/images/barb_eph_t0063_0001.tif,Page,Page 1,1
ark:/21198/z1z33rtm,ark:/21198/z1n31tdh,Masters/othermasters/MEAPmigration/barbadosephemera/images/barb_eph_t0063_0002.tif,Page,Page 2,2
ark:/21198/z1tb313p,ark:/21198/z1hd9s3z,Masters/othermasters/MEAPmigration/barbadosephemera/images/barb_eph_t0064_0001.tif,Page,Page 1,1
ark:/21198/z1tb313p,ark:/21198/z1cn91b5,Masters/othermasters/MEAPmigration/barbadosephemera/images/barb_eph_t0064_0002.tif,Page,Page 2,2
ark:/21198/z1tb313p,ark:/21198/z17w88jj,Masters/othermasters/MEAPmigration/barbadosephemera/images/barb_eph_t0064_0003.tif,Page,Page 3,3
ark:/21198/z1tb313p,ark:/21198/z1447ht4,Masters/othermasters/MEAPmigration/barbadosephemera/images/barb_eph_t0064_0004.tif,Page,Page 4,4
ark:/21198/z1pk288m,ark:/21198/z10c6s48,Masters/othermasters/MEAPmigration/barbadosephemera/images/barb_eph_t0065_0001.tif,Page,Page 1,1
ark:/21198/z1pk288m,ark:/21198/z1vm68pd,Masters/othermasters/MEAPmigration/barbadosephemera/images/barb_eph_t0065_0002.tif,Page,Page 2,2
ark:/21198/z1pk288m,ark:/21198/z1qv5j0j,Masters/othermasters/MEAPmigration/barbadosephemera/images/barb_eph_t0065_0003.tif,Page,Page 3,3
ark:/21198/z1pk288m,ark:/21198/z1m63gqw,Masters/othermasters/MEAPmigration/barbadosephemera/images/barb_eph_t0065_0004.tif,Page,Page 4,4
ark:/21198/z1pk288m,ark:/21198/z1gf2qzq,Masters/othermasters/MEAPmigration/barbadosephemera/images/barb_eph_t0065_0005.tif,Page,Page 5,5
ark:/21198/z1pk288m,ark:/21198/z1bp206b,Masters/othermasters/MEAPmigration/barbadosephemera/images/barb_eph_t0065_0006.tif,Page,Page 6,6
ark:/21198/z1pk288m,ark:/21198/z16x17f5,Masters/othermasters/MEAPmigration/barbadosephemera/images/barb_eph_t0065_0007.tif,Page,Page 7,7
ark:/21198/z1pk288m,ark:/21198/z1350gr6,Masters/othermasters/MEAPmigration/barbadosephemera/images/barb_eph_t0065_0008.tif,Page,Page 8,8
ark:/21198/z1jt1hhf,ark:/21198/z1zd00b6,Masters/othermasters/MEAPmigration/barbadosephemera/images/barb_eph_t0066_0001.tif,Page,Page 1,1
ark:/21198/z1jt1hhf,ark:/21198/z1tq7xzz,Masters/othermasters/MEAPmigration/barbadosephemera/images/barb_eph_t0066_0002.tif,Page,Page 2,2
ark:/21198/z1jt1hhf,ark:/21198/z1pz768g,Masters/othermasters/MEAPmigration/barbadosephemera/images/barb_eph_t0066_0003.tif,Page,Page 3,3
ark:/21198/z1jt1hhf,ark:/21198/z1k66fj2,Masters/othermasters/MEAPmigration/barbadosephemera/images/barb_eph_t0066_0004.tif,Page,Page 4,4
ark:/21198/z1f20rs1,ark:/21198/z1ff5prf,Masters/othermasters/MEAPmigration/barbadosephemera/images/barb_eph_t0067_0001.tif,Page,Page 1,1
ark:/21198/z1f20rs1,ark:/21198/z19p4z14,Masters/othermasters/MEAPmigration/barbadosephemera/images/barb_eph_t0067_0002.tif,Page,Page 2,2
ark:/21198/z1f20rs1,ark:/21198/z15x46b7,Masters/othermasters/MEAPmigration/barbadosephemera/images/barb_eph_t0067_0003.tif,Page,Page 3,3
ark:/21198/z1f20rs1,ark:/21198/z1253fpq,Masters/othermasters/MEAPmigration/barbadosephemera/images/barb_eph_t0067_0004.tif,Page,Page 4,4
ark:/21198/z1f20rs1,ark:/21198/z1xh1njv,Masters/othermasters/MEAPmigration/barbadosephemera/images/barb_eph_t0067_0005.tif,Page,Page 5,5
ark:/21198/z199015f,ark:/21198/z1sr0wvk,Masters/othermasters/MEAPmigration/barbadosephemera/images/barb_eph_t0068_0001.tif,Page,Page 1,1
ark:/21198/z199015f,ark:/21198/z1p0053h,Masters/othermasters/MEAPmigration/barbadosephemera/images/barb_eph_t0068_0002.tif,Page,Page 2,2
ark:/21198/z199015f,ark:/21198/z1j69d9b,Masters/othermasters/MEAPmigration/barbadosephemera/images/barb_eph_t0068_0003.tif,Page,Page 3,3
ark:/21198/z199015f,ark:/21198/z1df8nkm,Masters/othermasters/MEAPmigration/barbadosephemera/images/barb_eph_t0068_0004.tif,Page,Page 4,4
ark:/21198/z199015f,ark:/21198/z18p7wxs,Masters/othermasters/MEAPmigration/barbadosephemera/images/barb_eph_t0068_0005.tif,Page,Page 5,5
ark:/21198/z199015f,ark:/21198/z14x7579,Masters/othermasters/MEAPmigration/barbadosephemera/images/barb_eph_t0068_0006.tif,Page,Page 6,6
ark:/21198/z199015f,ark:/21198/z11853x6,Masters/othermasters/MEAPmigration/barbadosephemera/images/barb_eph_t0068_0007.tif,Page,Page 7,7
ark:/21198/z199015f,ark:/21198/z1wh4mgc,Masters/othermasters/MEAPmigration/barbadosephemera/images/barb_eph_t0068_0008.tif,Page,Page 8,8
ark:/21198/z199015f,ark:/21198/z1rr3vpr,Masters/othermasters/MEAPmigration/barbadosephemera/images/barb_eph_t0068_0009.tif,Page,Page 9,9
ark:/21198/z199015f,ark:/21198/z1n033x8,Masters/othermasters/MEAPmigration/barbadosephemera/images/barb_eph_t0068_0010.tif,Page,Page 10,10
ark:/21198/z199015f,ark:/21198/z1h72c6z,Masters/othermasters/MEAPmigration/barbadosephemera/images/barb_eph_t0068_0011.tif,Page,Page 11,11
ark:/21198/z199015f,ark:/21198/z1cg1mhp,Masters/othermasters/MEAPmigration/barbadosephemera/images/barb_eph_t0068_0012.tif,Page,Page 12,12
ark:/21198/z15m7zs6,ark:/21198/z17q0vw9,Masters/othermasters/MEAPmigration/barbadosephemera/images/barb_eph_t0069_0001.tif,Page,Page 1,1
ark:/21198/z15m7zs6,ark:/21198/z1418th5,Masters/othermasters/MEAPmigration/barbadosephemera/images/barb_eph_t0069_0002.tif,Page,Page 2,2
ark:/21198/z15m7zs6,ark:/21198/z10882st,Masters/othermasters/MEAPmigration/barbadosephemera/images/barb_eph_t0069_0003.tif,Page,Page 3,3
ark:/21198/z15m7zs6,ark:/21198/z1vh7k9j,Masters/othermasters/MEAPmigration/barbadosephemera/images/barb_eph_t0069_0004.tif,Page,Page 4,4
ark:/21198/z11v773q,ark:/21198/z1qr6thx,Masters/othermasters/MEAPmigration/barbadosephemera/images/barb_eph_t0070_0001.tif,Page,Page 1,1
ark:/21198/z11v773q,ark:/21198/z1m062tb,Masters/othermasters/MEAPmigration/barbadosephemera/images/barb_eph_t0070_0002.tif,Page,Page 2,2
ark:/21198/z11v773q,ark:/21198/z1g75b4g,Masters/othermasters/MEAPmigration/barbadosephemera/images/barb_eph_t0070_0003.tif,Page,Page 3,3
ark:/21198/z11v773q,ark:/21198/z1bg4kgn,Masters/othermasters/MEAPmigration/barbadosephemera/images/barb_eph_t0070_0004.tif,Page,Page 4,4
ark:/21198/z11v773q,ark:/21198/z16t2j3r,Masters/othermasters/MEAPmigration/barbadosephemera/images/barb_eph_t0070_0005.tif,Page,Page 5,5
ark:/21198/z11v773q,ark:/21198/z1321scb,Masters/othermasters/MEAPmigration/barbadosephemera/images/barb_eph_t0070_0006.tif,Page,Page 6,6
ark:/21198/z11v773q,ark:/21198/z1z918vk,Masters/othermasters/MEAPmigration/barbadosephemera/images/barb_eph_t0070_0007.tif,Page,Page 7,7
ark:/21198/z11v773q,ark:/21198/z1tj0j2c,Masters/othermasters/MEAPmigration/barbadosephemera/images/barb_eph_t0070_0008.tif,Page,Page 8,8
ark:/21198/z11v773q,ark:/21198/z1pr9sb3,Masters/othermasters/MEAPmigration/barbadosephemera/images/barb_eph_t0070_0009.tif,Page,Page 9,9
ark:/21198/z11v773q,ark:/21198/z1k091pz,Masters/othermasters/MEAPmigration/barbadosephemera/images/barb_eph_t0070_0010.tif,Page,Page 10,10
ark:/21198/z11v773q,ark:/21198/z1f78903,Masters/othermasters/MEAPmigration/barbadosephemera/images/barb_eph_t0070_0011.tif,Page,Page 11,11
ark:/21198/z11v773q,ark:/21198/z19k67pp,Masters/othermasters/MEAPmigration/barbadosephemera/images/barb_eph_t0070_0012.tif,Page,Page 12,12
ark:/21198/z11v773q,ark:/21198/z15t5h0t,Masters/othermasters/MEAPmigration/barbadosephemera/images/barb_eph_t0070_0013.tif,Page,Page 13,13
ark:/21198/z11v773q,ark:/21198/z1224r6h,Masters/othermasters/MEAPmigration/barbadosephemera/images/barb_eph_t0070_0014.tif,Page,Page 14,14
ark:/21198/z11v773q,ark:/21198/z1x947pr,Masters/othermasters/MEAPmigration/barbadosephemera/images/barb_eph_t0070_0015.tif,Page,Page 15,15
ark:/21198/z11v773q,ark:/21198/z1sj3h0w,Masters/othermasters/MEAPmigration/barbadosephemera/images/barb_eph_t0070_0016.tif,Page,Page 16,16
ark:/21198/z1x36qns,ark:/21198/z1ns2rb2,Masters/othermasters/MEAPmigration/barbadosephemera/images/barb_eph_t0071_0001.tif,Page,Page 1,1
ark:/21198/z1x36qns,ark:/21198/z1j120ng,Masters/othermasters/MEAPmigration/barbadosephemera/images/barb_eph_t0071_0002.tif,Page,Page 2,2
ark:/21198/z1x36qns,ark:/21198/z1db9z93,Masters/othermasters/MEAPmigration/barbadosephemera/images/barb_eph_t0071_0003.tif,Page,Page 3,3
ark:/21198/z1x36qns,ark:/21198/z18k96j9,Masters/othermasters/MEAPmigration/barbadosephemera/images/barb_eph_t0071_0004.tif,Page,Page 4,4
ark:/21198/z1x36qns,ark:/21198/z14t8ftk,Masters/othermasters/MEAPmigration/barbadosephemera/images/barb_eph_t0071_0005.tif,Page,Page 5,5
ark:/21198/z1x36qns,ark:/21198/z1127q1p,Masters/othermasters/MEAPmigration/barbadosephemera/images/barb_eph_t0071_0006.tif,Page,Page 6,6
ark:/21198/z1x36qns,ark:/21198/z1w976kt,Masters/othermasters/MEAPmigration/barbadosephemera/images/barb_eph_t0071_0007.tif,Page,Page 7,7
ark:/21198/z1x36qns,ark:/21198/z1rj6fx0,Masters/othermasters/MEAPmigration/barbadosephemera/images/barb_eph_t0071_0008.tif,Page,Page 8,8
ark:/21198/z1x36qns,ark:/21198/z1ms5q8k,Masters/othermasters/MEAPmigration/barbadosephemera/images/barb_eph_t0071_0009.tif,Page,Page 9,9
ark:/21198/z1x36qns,ark:/21198/z1h43nwk,Masters/othermasters/MEAPmigration/barbadosephemera/images/barb_eph_t0071_0010.tif,Page,Page 10,10
ark:/21198/z1x36qns,ark:/21198/z1cc2x58,Masters/othermasters/MEAPmigration/barbadosephemera/images/barb_eph_t0071_0011.tif,Page,Page 11,11
ark:/21198/z1x36qns,ark:/21198/z17m25bk,Masters/othermasters/MEAPmigration/barbadosephemera/images/barb_eph_t0071_0012.tif,Page,Page 12,12
ark:/21198/z1x36qns,ark:/21198/z13v1dkd,Masters/othermasters/MEAPmigration/barbadosephemera/images/barb_eph_t0071_0013.tif,Page,Page 13,13
ark:/21198/z1x36qns,ark:/21198/z1030nwf,Masters/othermasters/MEAPmigration/barbadosephemera/images/barb_eph_t0071_0014.tif,Page,Page 14,14
ark:/21198/z1x36qns,ark:/21198/z1vb05hw,Masters/othermasters/MEAPmigration/barbadosephemera/images/barb_eph_t0071_0015.tif,Page,Page 15,15
ark:/21198/z1x36qns,ark:/21198/z1qj9dr5,Masters/othermasters/MEAPmigration/barbadosephemera/images/barb_eph_t0071_0016.tif,Page,Page 16,16
ark:/21198/z1x36qns,ark:/21198/z1kw7cgm,Masters/othermasters/MEAPmigration/barbadosephemera/images/barb_eph_t0071_0017.tif,Page,Page 17,17
ark:/21198/z1x36qns,ark:/21198/z1g46msn,Masters/othermasters/MEAPmigration/barbadosephemera/images/barb_eph_t0071_0018.tif,Page,Page 18,18
ark:/21198/z1x36qns,ark:/21198/z1bc5vzk,Masters/othermasters/MEAPmigration/barbadosephemera/images/barb_eph_t0071_0019.tif,Page,Page 19,19
ark:/21198/z1x36qns,ark:/21198/z16m5466,Masters/othermasters/MEAPmigration/barbadosephemera/images/barb_eph_t0071_0020.tif,Page,Page 20,20
ark:/21198/z1x36qns,ark:/21198/z12v4chx,Masters/othermasters/MEAPmigration/barbadosephemera/images/barb_eph_t0071_0021.tif,Page,Page 21,21
ark:/21198/z1x36qns,ark:/21198/z1z33w49,Masters/othermasters/MEAPmigration/barbadosephemera/images/barb_eph_t0071_0022.tif,Page,Page 22,22
ark:/21198/z1x36qns,ark:/21198/z1tf1tr0,Masters/othermasters/MEAPmigration/barbadosephemera/images/barb_eph_t0071_0023.tif,Page,Page 23,23
ark:/21198/z1x36qns,ark:/21198/z1pp134d,Masters/othermasters/MEAPmigration/barbadosephemera/images/barb_eph_t0071_0024.tif,Page,Page 24,24
ark:/21198/z1sb5zv5,ark:/21198/z1jx0bc7,Masters/othermasters/MEAPmigration/barbadosephemera/images/barb_eph_t0072_0001.tif,Page,Page 1,1
ark:/21198/z1sb5zv5,ark:/21198/z1f49kkc,Masters/othermasters/MEAPmigration/barbadosephemera/images/barb_eph_t0072_0002.tif,Page,Page 2,2
ark:/21198/z1sb5zv5,ark:/21198/z19c8tt6,Masters/othermasters/MEAPmigration/barbadosephemera/images/barb_eph_t0072_0003.tif,Page,Page 3,3
ark:/21198/z1sb5zv5,ark:/21198/z15m834q,Masters/othermasters/MEAPmigration/barbadosephemera/images/barb_eph_t0072_0004.tif,Page,Page 4,4
ark:/21198/z1sb5zv5,ark:/21198/z11v7bff,Masters/othermasters/MEAPmigration/barbadosephemera/images/barb_eph_t0072_0005.tif,Page,Page 5,5
ark:/21198/z1nk573s,ark:/21198/z1x65jbb,Masters/othermasters/MEAPmigration/barbadosephemera/images/barb_eph_t0073_0001.tif,Page,Page 1,1
ark:/21198/z1nk573s,ark:/21198/z1sf4sn2,Masters/othermasters/MEAPmigration/barbadosephemera/images/barb_eph_t0073_0002.tif,Page,Page 2,2
ark:/21198/z1nk573s,ark:/21198/z1np41w8,Masters/othermasters/MEAPmigration/barbadosephemera/images/barb_eph_t0073_0003.tif,Page,Page 3,3
ark:/21198/z1nk573s,ark:/21198/z1hx3932,Masters/othermasters/MEAPmigration/barbadosephemera/images/barb_eph_t0073_0004.tif,Page,Page 4,4
ark:/21198/z1ht4gdh,ark:/21198/z1d52jb6,Masters/othermasters/MEAPmigration/barbadosephemera/images/barb_eph_t0074_0001.tif,Page,Page 1,1
ark:/21198/z1ht4gdh,ark:/21198/z18d1snx,Masters/othermasters/MEAPmigration/barbadosephemera/images/barb_eph_t0074_0002.tif,Page,Page 2,2
ark:/21198/z1ht4gdh,ark:/21198/z14n121b,Masters/othermasters/MEAPmigration/barbadosephemera/images/barb_eph_t0074_0003.tif,Page,Page 3,3
ark:/21198/z1ht4gdh,ark:/21198/z10z90qc,Masters/othermasters/MEAPmigration/barbadosephemera/images/barb_eph_t0074_0004.tif,Page,Page 4,4
ark:/21198/z1ht4gdh,ark:/21198/z1w68h7d,Masters/othermasters/MEAPmigration/barbadosephemera/images/barb_eph_t0074_0005.tif,Page,Page 5,5
ark:/21198/z1ht4gdh,ark:/21198/z1rf7rg7,Masters/othermasters/MEAPmigration/barbadosephemera/images/barb_eph_t0074_0006.tif,Page,Page 6,6
ark:/21198/z1ht4gdh,ark:/21198/z1mp70nj,Masters/othermasters/MEAPmigration/barbadosephemera/images/barb_eph_t0074_0007.tif,Page,Page 7,7
ark:/21198/z1ht4gdh,ark:/21198/z1gx67xt,Masters/othermasters/MEAPmigration/barbadosephemera/images/barb_eph_t0074_0008.tif,Page,Page 8,8
ark:/21198/z1ht4gdh,ark:/21198/z1c55h78,Masters/othermasters/MEAPmigration/barbadosephemera/images/barb_eph_t0074_0009.tif,Page,Page 9,9
ark:/21198/z1ht4gdh,ark:/21198/z17d4rmw,Masters/othermasters/MEAPmigration/barbadosephemera/images/barb_eph_t0074_0010.tif,Page,Page 10,10
ark:/21198/z1ht4gdh,ark:/21198/z13r2q9w,Masters/othermasters/MEAPmigration/barbadosephemera/images/barb_eph_t0074_0011.tif,Page,Page 11,11
ark:/21198/z1ht4gdh,ark:/21198/z1001zmx,Masters/othermasters/MEAPmigration/barbadosephemera/images/barb_eph_t0074_0012.tif,Page,Page 12,12
ark:/21198/z1ht4gdh,ark:/21198/z1v71g24,Masters/othermasters/MEAPmigration/barbadosephemera/images/barb_eph_t0074_0013.tif,Page,Page 13,13
ark:/21198/z1ht4gdh,ark:/21198/z1qg0q9z,Masters/othermasters/MEAPmigration/barbadosephemera/images/barb_eph_t0074_0014.tif,Page,Page 14,14
ark:/21198/z1ht4gdh,ark:/21198/z1kp9zj7,Masters/othermasters/MEAPmigration/barbadosephemera/images/barb_eph_t0074_0015.tif,Page,Page 15,15
ark:/21198/z1d23qr0,ark:/21198/z1fx96ws,Masters/othermasters/MEAPmigration/barbadosephemera/images/barb_eph_t0075_0001.tif,Page,Page 1,1
ark:/21198/z1d23qr0,ark:/21198/z1b58g67,Masters/othermasters/MEAPmigration/barbadosephemera/images/barb_eph_t0075_0002.tif,Page,Page 2,2
ark:/21198/z1d23qr0,ark:/21198/z16h6dvc,Masters/othermasters/MEAPmigration/barbadosephemera/images/barb_eph_t0075_0003.tif,Page,Page 3,3
ark:/21198/z1d23qr0,ark:/21198/z12r5p5h,Masters/othermasters/MEAPmigration/barbadosephemera/images/barb_eph_t0075_0004.tif,Page,Page 4,4
ark:/21198/z1d23qr0,ark:/21198/z1z055k5,Masters/othermasters/MEAPmigration/barbadosephemera/images/barb_eph_t0075_0005.tif,Page,Page 5,5
ark:/21198/z1d23qr0,ark:/21198/z1t74dt0,Masters/othermasters/MEAPmigration/barbadosephemera/images/barb_eph_t0075_0006.tif,Page,Page 6,6
ark:/21198/z1d23qr0,ark:/21198/z1pg3p3p,Masters/othermasters/MEAPmigration/barbadosephemera/images/barb_eph_t0075_0007.tif,Page,Page 7,7
ark:/21198/z1d23qr0,ark:/21198/z1jq2xdd,Masters/othermasters/MEAPmigration/barbadosephemera/images/barb_eph_t0075_0008.tif,Page,Page 8,8
ark:/21198/z1d23qr0,ark:/21198/z1dz25sd,Masters/othermasters/MEAPmigration/barbadosephemera/images/barb_eph_t0075_0009.tif,Page,Page 9,9
ark:/21198/z1d23qr0,ark:/21198/z19904f8,Masters/othermasters/MEAPmigration/barbadosephemera/images/barb_eph_t0075_0010.tif,Page,Page 10,10
ark:/21198/z1d23qr0,ark:/21198/z15h9cq0,Masters/othermasters/MEAPmigration/barbadosephemera/images/barb_eph_t0075_0011.tif,Page,Page 11,11
ark:/21198/z1d23qr0,ark:/21198/z11r8mzt,Masters/othermasters/MEAPmigration/barbadosephemera/images/barb_eph_t0075_0012.tif,Page,Page 12,12
ark:/21198/z1d23qr0,ark:/21198/z1x084db,Masters/othermasters/MEAPmigration/barbadosephemera/images/barb_eph_t0075_0013.tif,Page,Page 13,13
ark:/21198/z1d23qr0,ark:/21198/z1s77cpm,Masters/othermasters/MEAPmigration/barbadosephemera/images/barb_eph_t0075_0014.tif,Page,Page 14,14
ark:/21198/z1d23qr0,ark:/21198/z1ng6n16,Masters/othermasters/MEAPmigration/barbadosephemera/images/barb_eph_t0075_0015.tif,Page,Page 15,15
ark:/21198/z1d23qr0,ark:/21198/z1hq5wcc,Masters/othermasters/MEAPmigration/barbadosephemera/images/barb_eph_t0075_0016.tif,Page,Page 16,16
ark:/21198/z1d23qr0,ark:/21198/z1d23v2p,Masters/othermasters/MEAPmigration/barbadosephemera/images/barb_eph_t0075_0017.tif,Page,Page 17,17
ark:/21198/z1d23qr0,ark:/21198/z18933cs,Masters/othermasters/MEAPmigration/barbadosephemera/images/barb_eph_t0075_0018.tif,Page,Page 18,18
ark:/21198/z1d23qr0,ark:/21198/z14j2bjq,Masters/othermasters/MEAPmigration/barbadosephemera/images/barb_eph_t0075_0019.tif,Page,Page 19,19
ark:/21198/z1d23qr0,ark:/21198/z10s1ksj,Masters/othermasters/MEAPmigration/barbadosephemera/images/barb_eph_t0075_0020.tif,Page,Page 20,20
ark:/21198/z18d1pbn,ark:/21198/z1w1139z,Masters/othermasters/MEAPmigration/barbadosephemera/images/barb_eph_t0076_0001.tif,Page,Page 1,1
ark:/21198/z18d1pbn,ark:/21198/z1r80bpk,Masters/othermasters/MEAPmigration/barbadosephemera/images/barb_eph_t0076_0002.tif,Page,Page 2,2
ark:/21198/z18d1pbn,ark:/21198/z1mg9m05,Masters/othermasters/MEAPmigration/barbadosephemera/images/barb_eph_t0076_0003.tif,Page,Page 3,3
ark:/21198/z18d1pbn,ark:/21198/z1gt7jmv,Masters/othermasters/MEAPmigration/barbadosephemera/images/barb_eph_t0076_0004.tif,Page,Page 4,4
ark:/21198/z18d1pbn,ark:/21198/z1c26sxw,Masters/othermasters/MEAPmigration/barbadosephemera/images/barb_eph_t0076_0005.tif,Page,Page 5,5
ark:/21198/z18d1pbn,ark:/21198/z179623m,Masters/othermasters/MEAPmigration/barbadosephemera/images/barb_eph_t0076_0006.tif,Page,Page 6,6
ark:/21198/z18d1pbn,ark:/21198/z13j59bf,Masters/othermasters/MEAPmigration/barbadosephemera/images/barb_eph_t0076_0007.tif,Page,Page 7,7
ark:/21198/z18d1pbn,ark:/21198/z1zs4sw6,Masters/othermasters/MEAPmigration/barbadosephemera/images/barb_eph_t0076_0008.tif,Page,Page 8,8
ark:/21198/z18d1pbn,ark:/21198/z1v1427g,Masters/othermasters/MEAPmigration/barbadosephemera/images/barb_eph_t0076_0009.tif,Page,Page 9,9
ark:/21198/z18d1pbn,ark:/21198/z1q839kn,Masters/othermasters/MEAPmigration/barbadosephemera/images/barb_eph_t0076_0010.tif,Page,Page 10,10
ark:/21198/z18d1pbn,ark:/21198/z1km1876,Masters/othermasters/MEAPmigration/barbadosephemera/images/barb_eph_t0076_0011.tif,Page,Page 11,11
ark:/21198/z18d1pbn,ark:/21198/z1fv0hg1,Masters/othermasters/MEAPmigration/barbadosephemera/images/barb_eph_t0076_0012.tif,Page,Page 12,12
ark:/21198/z18d1pbn,ark:/21198/z1b29rqm,Masters/othermasters/MEAPmigration/barbadosephemera/images/barb_eph_t0076_0013.tif,Page,Page 13,13
ark:/21198/z18d1pbn,ark:/21198/z16990zt,Masters/othermasters/MEAPmigration/barbadosephemera/images/barb_eph_t0076_0014.tif,Page,Page 14,14
ark:/21198/z18d1pbn,ark:/21198/z12j887h,Masters/othermasters/MEAPmigration/barbadosephemera/images/barb_eph_t0076_0015.tif,Page,Page 15,15
ark:/21198/z18d1pbn,ark:/21198/z1xs7rv5,Masters/othermasters/MEAPmigration/barbadosephemera/images/barb_eph_t0076_0016.tif,Page,Page 16,16
ark:/21198/z18d1pbn,ark:/21198/z1t45qh1,Masters/othermasters/MEAPmigration/barbadosephemera/images/barb_eph_t0076_0017.tif,Page,Page 17,17
ark:/21198/z18d1pbn,ark:/21198/z1pc4zv6,Masters/othermasters/MEAPmigration/barbadosephemera/images/barb_eph_t0076_0018.tif,Page,Page 18,18
ark:/21198/z18d1pbn,ark:/21198/z1jm475q,Masters/othermasters/MEAPmigration/barbadosephemera/images/barb_eph_t0076_0019.tif,Page,Page 19,19
ark:/21198/z18d1pbn,ark:/21198/z1dv3gbn,Masters/othermasters/MEAPmigration/barbadosephemera/images/barb_eph_t0076_0020.tif,Page,Page 20,20
ark:/21198/z14n0xq8,ark:/21198/z1932qks,Masters/othermasters/MEAPmigration/barbadosephemera/images/barb_eph_t0077_0001.tif,Page,Page 1,1
ark:/21198/z14n0xq8,ark:/21198/z15b1zwh,Masters/othermasters/MEAPmigration/barbadosephemera/images/barb_eph_t0077_0002.tif,Page,Page 2,2
ark:/21198/z14n0xq8,ark:/21198/z11k178x,Masters/othermasters/MEAPmigration/barbadosephemera/images/barb_eph_t0077_0003.tif,Page,Page 3,3
ark:/21198/z14n0xq8,ark:/21198/z1ww9f32,Masters/othermasters/MEAPmigration/barbadosephemera/images/barb_eph_t0077_0004.tif,Page,Page 4,4
ark:/21198/z14n0xq8,ark:/21198/z1s48pfj,Masters/othermasters/MEAPmigration/barbadosephemera/images/barb_eph_t0077_0005.tif,Page,Page 5,5
ark:/21198/z14n0xq8,ark:/21198/z1nc7xqt,Masters/othermasters/MEAPmigration/barbadosephemera/images/barb_eph_t0077_0006.tif,Page,Page 6,6
ark:/21198/z14n0xq8,ark:/21198/z1hm75w4,Masters/othermasters/MEAPmigration/barbadosephemera/images/barb_eph_t0077_0007.tif,Page,Page 7,7
ark:/21198/z10w05x1,ark:/21198/z1cv6f4c,Masters/othermasters/MEAPmigration/barbadosephemera/images/barb_eph_t0078_0001.tif,Page,Page 1,1
ark:/21198/z10w05x1,ark:/21198/z1835pfd,Masters/othermasters/MEAPmigration/barbadosephemera/images/barb_eph_t0078_0002.tif,Page,Page 2,2
ark:/21198/z10w05x1,ark:/21198/z14b4xsk,Masters/othermasters/MEAPmigration/barbadosephemera/images/barb_eph_t0078_0003.tif,Page,Page 3,3
ark:/21198/z10w05x1,ark:/21198/z10p2wf4,Masters/othermasters/MEAPmigration/barbadosephemera/images/barb_eph_t0078_0004.tif,Page,Page 4,4
ark:/21198/z10w05x1,ark:/21198/z1vx2d14,Masters/othermasters/MEAPmigration/barbadosephemera/images/barb_eph_t0078_0005.tif,Page,Page 5,5
ark:/21198/z10w05x1,ark:/21198/z1r51n7t,Masters/othermasters/MEAPmigration/barbadosephemera/images/barb_eph_t0078_0006.tif,Page,Page 6,6
ark:/21198/z10w05x1,ark:/21198/z1md0wf6,Masters/othermasters/MEAPmigration/barbadosephemera/images/barb_eph_t0078_0007.tif,Page,Page 7,7
ark:/21198/z10w05x1,ark:/21198/z1gn04pd,Masters/othermasters/MEAPmigration/barbadosephemera/images/barb_eph_t0078_0008.tif,Page,Page 8,8
ark:/21198/z10w05x1,ark:/21198/z1bv9d1f,Masters/othermasters/MEAPmigration/barbadosephemera/images/barb_eph_t0078_0009.tif,Page,Page 9,9
ark:/21198/z10w05x1,ark:/21198/z1738ncx,Masters/othermasters/MEAPmigration/barbadosephemera/images/barb_eph_t0078_0010.tif,Page,Page 10,10
ark:/21198/z10w05x1,ark:/21198/z13f6m3c,Masters/othermasters/MEAPmigration/barbadosephemera/images/barb_eph_t0078_0011.tif,Page,Page 11,11
ark:/21198/z10w05x1,ark:/21198/z1zp63m2,Masters/othermasters/MEAPmigration/barbadosephemera/images/barb_eph_t0078_0012.tif,Page,Page 12,12
ark:/21198/z10w05x1,ark:/21198/z1tx5bwb,Masters/othermasters/MEAPmigration/barbadosephemera/images/barb_eph_t0078_0013.tif,Page,Page 13,13
ark:/21198/z10w05x1,ark:/21198/z1q54m20,Masters/othermasters/MEAPmigration/barbadosephemera/images/barb_eph_t0078_0014.tif,Page,Page 14,14
ark:/21198/z10w05x1,ark:/21198/z1kd3v9t,Masters/othermasters/MEAPmigration/barbadosephemera/images/barb_eph_t0078_0015.tif,Page,Page 15,15
ark:/21198/z10w05x1,ark:/21198/z1fn33mx,Masters/othermasters/MEAPmigration/barbadosephemera/images/barb_eph_t0078_0016.tif,Page,Page 16,16
ark:/21198/z10w05x1,ark:/21198/z19w2c0z,Masters/othermasters/MEAPmigration/barbadosephemera/images/barb_eph_t0078_0017.tif,Page,Page 17,17
ark:/21198/z10w05x1,ark:/21198/z16709nd,Masters/othermasters/MEAPmigration/barbadosephemera/images/barb_eph_t0078_0018.tif,Page,Page 18,18
ark:/21198/z10w05x1,ark:/21198/z12f9jzk,Masters/othermasters/MEAPmigration/barbadosephemera/images/barb_eph_t0078_0019.tif,Page,Page 19,19
ark:/21198/z10w05x1,ark:/21198/z1xp92ds,Masters/othermasters/MEAPmigration/barbadosephemera/images/barb_eph_t0078_0020.tif,Page,Page 20,20
ark:/21198/z10w05x1,ark:/21198/z1sx89m5,Masters/othermasters/MEAPmigration/barbadosephemera/images/barb_eph_t0078_0021.tif,Page,Page 21,21
ark:/21198/z10w05x1,ark:/21198/z1p57jwr,Masters/othermasters/MEAPmigration/barbadosephemera/images/barb_eph_t0078_0022.tif,Page,Page 22,22
ark:/21198/z10w05x1,ark:/21198/z1jd6t6w,Masters/othermasters/MEAPmigration/barbadosephemera/images/barb_eph_t0078_0023.tif,Page,Page 23,23
ark:/21198/z10w05x1,ark:/21198/z1dn62h0,Masters/othermasters/MEAPmigration/barbadosephemera/images/barb_eph_t0078_0024.tif,Page,Page 24,24
ark:/21198/z10w05x1,ark:/21198/z1904169,Masters/othermasters/MEAPmigration/barbadosephemera/images/barb_eph_t0078_0025.tif,Page,Page 25,25
ark:/21198/z10w05x1,ark:/21198/z15738h1,Masters/othermasters/MEAPmigration/barbadosephemera/images/barb_eph_t0078_0026.tif,Page,Page 26,26
ark:/21198/z10w05x1,ark:/21198/z11g2hqd,Masters/othermasters/MEAPmigration/barbadosephemera/images/barb_eph_t0078_0027.tif,Page,Page 27,27
ark:/21198/z10w05x1,ark:/21198/z1wq2162,Masters/othermasters/MEAPmigration/barbadosephemera/images/barb_eph_t0078_0028.tif,Page,Page 28,28
ark:/21198/z10w05x1,ark:/21198/z1rz18fw,Masters/othermasters/MEAPmigration/barbadosephemera/images/barb_eph_t0078_0029.tif,Page,Page 29,29
ark:/21198/z10w05x1,ark:/21198/z1n60hsc,Masters/othermasters/MEAPmigration/barbadosephemera/images/barb_eph_t0078_0030.tif,Page,Page 30,30
ark:/21198/z10w05x1,ark:/21198/z1hd9s4d,Masters/othermasters/MEAPmigration/barbadosephemera/images/barb_eph_t0078_0031.tif,Page,Page 31,31
ark:/21198/z1w39pd2,ark:/21198/z1cr7qt0,Masters/othermasters/MEAPmigration/barbadosephemera/images/barb_eph_t0079_0001.tif,Page,Page 1,1
ark:/21198/z1w39pd2,ark:/21198/z180704t,Masters/othermasters/MEAPmigration/barbadosephemera/images/barb_eph_t0079_0002.tif,Page,Page 2,2
ark:/21198/z1rb8xnw,ark:/21198/z14767b6,Masters/othermasters/MEAPmigration/barbadosephemera/images/barb_eph_t0080_0001.tif,Page,Page 1,1
ark:/21198/z1rb8xnw,ark:/21198/z10g5gjk,Masters/othermasters/MEAPmigration/barbadosephemera/images/barb_eph_t0080_0002.tif,Page,Page 2,2
ark:/21198/z1rb8xnw,ark:/21198/z1vq502p,Masters/othermasters/MEAPmigration/barbadosephemera/images/barb_eph_t0080_0003.tif,Page,Page 3,3
ark:/21198/z1rb8xnw,ark:/21198/z1qz47cd,Masters/othermasters/MEAPmigration/barbadosephemera/images/barb_eph_t0080_0004.tif,Page,Page 4,4
ark:/21198/z1rb8xnw,ark:/21198/z1m63grb,Masters/othermasters/MEAPmigration/barbadosephemera/images/barb_eph_t0080_0005.tif,Page,Page 5,5
ark:/21198/z1rb8xnw,ark:/21198/z1gj1fdw,Masters/othermasters/MEAPmigration/barbadosephemera/images/barb_eph_t0080_0006.tif,Page,Page 6,6
ark:/21198/z1rb8xnw,ark:/21198/z1bs0pnq,Masters/othermasters/MEAPmigration/barbadosephemera/images/barb_eph_t0080_0007.tif,Page,Page 7,7
ark:/21198/z1rb8xnw,ark:/21198/z1709xw9,Masters/othermasters/MEAPmigration/barbadosephemera/images/barb_eph_t0080_0008.tif,Page,Page 8,8
ark:/21198/z1rb8xnw,ark:/21198/z137963g,Masters/othermasters/MEAPmigration/barbadosephemera/images/barb_eph_t0080_0009.tif,Page,Page 9,9
ark:/21198/z1rb8xnw,ark:/21198/z1zg8pms,Masters/othermasters/MEAPmigration/barbadosephemera/images/barb_eph_t0080_0010.tif,Page,Page 10,10
ark:/21198/z1rb8xnw,ark:/21198/z1tq7z0t,Masters/othermasters/MEAPmigration/barbadosephemera/images/barb_eph_t0080_0011.tif,Page,Page 11,11
ark:/21198/z1mk85z0,ark:/21198/z1pz769x,Masters/othermasters/MEAPmigration/barbadosephemera/images/barb_eph_t0081_0001.tif,Page,Page 1,1
ark:/21198/z1mk85z0,ark:/21198/z1k954zc,Masters/othermasters/MEAPmigration/barbadosephemera/images/barb_eph_t0081_0002.tif,Page,Page 2,2
ark:/21198/z1mk85z0,ark:/21198/z1fj4d8h,Masters/othermasters/MEAPmigration/barbadosephemera/images/barb_eph_t0081_0003.tif,Page,Page 3,3
ark:/21198/z1mk85z0,ark:/21198/z19s3nff,Masters/othermasters/MEAPmigration/barbadosephemera/images/barb_eph_t0081_0004.tif,Page,Page 4,4
ark:/21198/z1mk85z0,ark:/21198/z1612wpk,Masters/othermasters/MEAPmigration/barbadosephemera/images/barb_eph_t0081_0005.tif,Page,Page 5,5
ark:/21198/z1mk85z0,ark:/21198/z12824z7,Masters/othermasters/MEAPmigration/barbadosephemera/images/barb_eph_t0081_0006.tif,Page,Page 6,6
ark:/21198/z1mk85z0,ark:/21198/z1xh1nk9,Masters/othermasters/MEAPmigration/barbadosephemera/images/barb_eph_t0081_0007.tif,Page,Page 7,7
ark:/21198/z1gt7f9k,ark:/21198/z1sr0ww1,Masters/othermasters/MEAPmigration/barbadosephemera/images/barb_eph_t0082_0001.tif,Page,Page 1,1
ark:/21198/z1gt7f9k,ark:/21198/z1p28vks,Masters/othermasters/MEAPmigration/barbadosephemera/images/barb_eph_t0082_0002.tif,Page,Page 2,2
ark:/21198/z1gt7f9k,ark:/21198/z1j983ww,Masters/othermasters/MEAPmigration/barbadosephemera/images/barb_eph_t0082_0003.tif,Page,Page 3,3
ark:/21198/z1gt7f9k,ark:/21198/z1dj7c3p,Masters/othermasters/MEAPmigration/barbadosephemera/images/barb_eph_t0082_0004.tif,Page,Page 4,4
ark:/21198/z1gt7f9k,ark:/21198/z18s6m92,Masters/othermasters/MEAPmigration/barbadosephemera/images/barb_eph_t0082_0005.tif,Page,Page 5,5
ark:/21198/z1c55cz1,ark:/21198/z1515vm3,Masters/othermasters/MEAPmigration/barbadosephemera/images/barb_eph_t0083_0001.tif,Page,Page 1,1
ark:/21198/z1c55cz1,ark:/21198/z11853zn,Masters/othermasters/MEAPmigration/barbadosephemera/images/barb_eph_t0083_0002.tif,Page,Page 2,2
ark:/21198/z1c55cz1,ark:/21198/z1wm39ts,Masters/othermasters/MEAPmigration/barbadosephemera/images/barb_eph_t0083_0003.tif,Page,Page 3,3
ark:/21198/z1c55cz1,ark:/21198/z1rv2k6t,Masters/othermasters/MEAPmigration/barbadosephemera/images/barb_eph_t0083_0004.tif,Page,Page 4,4
ark:/21198/z17d4nb2,ark:/21198/z1n31tfz,Masters/othermasters/MEAPmigration/barbadosephemera/images/barb_eph_t0084_0001.tif,Page,Page 1,1
ark:/21198/z17d4nb2,ark:/21198/z1hb12nq,Masters/othermasters/MEAPmigration/barbadosephemera/images/barb_eph_t0084_0002.tif,Page,Page 2,2
ark:/21198/z17d4nb2,ark:/21198/z1ck09wj,Masters/othermasters/MEAPmigration/barbadosephemera/images/barb_eph_t0084_0003.tif,Page,Page 3,3
ark:/21198/z17d4nb2,ark:/21198/z17s9k5p,Masters/othermasters/MEAPmigration/barbadosephemera/images/barb_eph_t0084_0004.tif,Page,Page 4,4
ark:/21198/z13n3wkw,ark:/21198/z1418tjm,Masters/othermasters/MEAPmigration/barbadosephemera/images/barb_eph_t0085_0001.tif,Page,Page 1,1
ark:/21198/z13n3wkw,ark:/21198/z10c6s5q,Masters/othermasters/MEAPmigration/barbadosephemera/images/barb_eph_t0085_0002.tif,Page,Page 2,2
ark:/21198/z13n3wkw,ark:/21198/z1vm68qv,Masters/othermasters/MEAPmigration/barbadosephemera/images/barb_eph_t0085_0003.tif,Page,Page 3,3
ark:/21198/z13n3wkw,ark:/21198/z1qv5j10,Masters/othermasters/MEAPmigration/barbadosephemera/images/barb_eph_t0085_0004.tif,Page,Page 4,4
ark:/21198/z13n3wkw,ark:/21198/z1m34s67,Masters/othermasters/MEAPmigration/barbadosephemera/images/barb_eph_t0085_0005.tif,Page,Page 5,5
ark:/21198/z13n3wkw,ark:/21198/z1gb41ff,Masters/othermasters/MEAPmigration/barbadosephemera/images/barb_eph_t0085_0006.tif,Page,Page 6,6
ark:/21198/z13n3wkw,ark:/21198/z1bk38r5,Masters/othermasters/MEAPmigration/barbadosephemera/images/barb_eph_t0085_0007.tif,Page,Page 7,7
ark:/21198/z13n3wkw,ark:/21198/z16t2j46,Masters/othermasters/MEAPmigration/barbadosephemera/images/barb_eph_t0085_0008.tif,Page,Page 8,8
ark:/21198/z13n3wkw,ark:/21198/z1350gsn,Masters/othermasters/MEAPmigration/barbadosephemera/images/barb_eph_t0085_0009.tif,Page,Page 9,9
ark:/21198/z13n3wkw,ark:/21198/z1zd00cn,Masters/othermasters/MEAPmigration/barbadosephemera/images/barb_eph_t0085_0010.tif,Page,Page 10,10
ark:/21198/z1zw3d13,ark:/21198/z1tm97mx,Masters/othermasters/MEAPmigration/barbadosephemera/images/barb_eph_t0086_0001.tif,Page,Page 1,1
ark:/21198/z1zw3d13,ark:/21198/z1pv8gt9,Masters/othermasters/MEAPmigration/barbadosephemera/images/barb_eph_t0086_0002.tif,Page,Page 2,2
ark:/21198/z1zw3d13,ark:/21198/z1k37r2v,Masters/othermasters/MEAPmigration/barbadosephemera/images/barb_eph_t0086_0003.tif,Page,Page 3,3
ark:/21198/z1zw3d13,ark:/21198/z1fb70cz,Masters/othermasters/MEAPmigration/barbadosephemera/images/barb_eph_t0086_0004.tif,Page,Page 4,4
ark:/21198/z1zw3d13,ark:/21198/z19k67q4,Masters/othermasters/MEAPmigration/barbadosephemera/images/barb_eph_t0086_0005.tif,Page,Page 5,5
ark:/21198/z1zw3d13,ark:/21198/z15x46cp,Masters/othermasters/MEAPmigration/barbadosephemera/images/barb_eph_t0086_0006.tif,Page,Page 6,6
ark:/21198/z1zw3d13,ark:/21198/z1253fq5,Masters/othermasters/MEAPmigration/barbadosephemera/images/barb_eph_t0086_0007.tif,Page,Page 7,7
ark:/21198/z1zw3d13,ark:/21198/z1xd2z50,Masters/othermasters/MEAPmigration/barbadosephemera/images/barb_eph_t0086_0008.tif,Page,Page 8,8
ark:/21198/z1zw3d13,ark:/21198/z1sn26d6,Masters/othermasters/MEAPmigration/barbadosephemera/images/barb_eph_t0086_0009.tif,Page,Page 9,9
ark:/21198/z1zw3d13,ark:/21198/z1nw1fn1,Masters/othermasters/MEAPmigration/barbadosephemera/images/barb_eph_t0086_0010.tif,Page,Page 10,10
ark:/21198/z1zw3d13,ark:/21198/z1j40pz2,Masters/othermasters/MEAPmigration/barbadosephemera/images/barb_eph_t0086_0011.tif,Page,Page 11,11
ark:/21198/z1zw3d13,ark:/21198/z1db9zbj,Masters/othermasters/MEAPmigration/barbadosephemera/images/barb_eph_t0086_0012.tif,Page,Page 12,12
ark:/21198/z1zw3d13,ark:/21198/z18p7wz7,Masters/othermasters/MEAPmigration/barbadosephemera/images/barb_eph_t0086_0013.tif,Page,Page 13,13
ark:/21198/z1zw3d13,ark:/21198/z14x758r,Masters/othermasters/MEAPmigration/barbadosephemera/images/barb_eph_t0086_0014.tif,Page,Page 14,14
ark:/21198/z1zw3d13,ark:/21198/z1156djb,Masters/othermasters/MEAPmigration/barbadosephemera/images/barb_eph_t0086_0015.tif,Page,Page 15,15
ark:/21198/z1zw3d13,ark:/21198/z1wd5x05,Masters/othermasters/MEAPmigration/barbadosephemera/images/barb_eph_t0086_0016.tif,Page,Page 16,16
ark:/21198/z1zw3d13,ark:/21198/z1rn557c,Masters/othermasters/MEAPmigration/barbadosephemera/images/barb_eph_t0086_0017.tif,Page,Page 17,17
ark:/21198/z1zw3d13,ark:/21198/z1mw4dj3,Masters/othermasters/MEAPmigration/barbadosephemera/images/barb_eph_t0086_0018.tif,Page,Page 18,18
ark:/21198/z1zw3d13,ark:/21198/z1h43nx1,Masters/othermasters/MEAPmigration/barbadosephemera/images/barb_eph_t0086_0019.tif,Page,Page 19,19
ark:/21198/z1zw3d13,ark:/21198/z1cg1mj4,Masters/othermasters/MEAPmigration/barbadosephemera/images/barb_eph_t0086_0020.tif,Page,Page 20,20
ark:/21198/z1zw3d13,ark:/21198/z17q0vxr,Masters/othermasters/MEAPmigration/barbadosephemera/images/barb_eph_t0086_0021.tif,Page,Page 21,21
ark:/21198/z1zw3d13,ark:/21198/z13z044x,Masters/othermasters/MEAPmigration/barbadosephemera/images/barb_eph_t0086_0022.tif,Page,Page 22,22
ark:/21198/z1zw3d13,ark:/21198/z1059cch,Masters/othermasters/MEAPmigration/barbadosephemera/images/barb_eph_t0086_0023.tif,Page,Page 23,23
ark:/21198/z1zw3d13,ark:/21198/z1vd8vvc,Masters/othermasters/MEAPmigration/barbadosephemera/images/barb_eph_t0086_0024.tif,Page,Page 24,24
ark:/21198/z1zw3d13,ark:/21198/z1qn846b,Masters/othermasters/MEAPmigration/barbadosephemera/images/barb_eph_t0086_0025.tif,Page,Page 25,25
ark:/21198/z1v42n87,ark:/21198/z1kw7ch2,Masters/othermasters/MEAPmigration/barbadosephemera/images/barb_eph_t0087_0001.tif,Page,Page 1,1
ark:/21198/z1v42n87,ark:/21198/z1g75b5x,Masters/othermasters/MEAPmigration/barbadosephemera/images/barb_eph_t0087_0002.tif,Page,Page 2,2
ark:/21198/z1v42n87,ark:/21198/z1bg4kh3,Masters/othermasters/MEAPmigration/barbadosephemera/images/barb_eph_t0087_0003.tif,Page,Page 3,3
ark:/21198/z1v42n87,ark:/21198/z16q3tqg,Masters/othermasters/MEAPmigration/barbadosephemera/images/barb_eph_t0087_0004.tif,Page,Page 4,4
ark:/21198/z1v42n87,ark:/21198/z12z32zp,Masters/othermasters/MEAPmigration/barbadosephemera/images/barb_eph_t0087_0005.tif,Page,Page 5,5
ark:/21198/z1v42n87,ark:/21198/z1z62kf8,Masters/othermasters/MEAPmigration/barbadosephemera/images/barb_eph_t0087_0006.tif,Page,Page 6,6
ark:/21198/z1qc1wkz,ark:/21198/z1tf1tsf,Masters/othermasters/MEAPmigration/barbadosephemera/images/barb_eph_t0088_0001.tif,Page,Page 1,1
ark:/21198/z1qc1wkz,ark:/21198/z1pp135v,Masters/othermasters/MEAPmigration/barbadosephemera/images/barb_eph_t0088_0002.tif,Page,Page 2,2
ark:/21198/z1qc1wkz,ark:/21198/z1k091qd,Masters/othermasters/MEAPmigration/barbadosephemera/images/barb_eph_t0088_0003.tif,Page,Page 3,3
ark:/21198/z1qc1wkz,ark:/21198/z1f7891j,Masters/othermasters/MEAPmigration/barbadosephemera/images/barb_eph_t0088_0004.tif,Page,Page 4,4
ark:/21198/z1km14zz,ark:/21198/z19g7j8c,Masters/othermasters/MEAPmigration/barbadosephemera/images/barb_eph_t0089_0001.tif,Page,Page 1,1
ark:/21198/z1km14zz,ark:/21198/z15q6sgr,Masters/othermasters/MEAPmigration/barbadosephemera/images/barb_eph_t0089_0002.tif,Page,Page 2,2
ark:/21198/z1km14zz,ark:/21198/z11z61sv,Masters/othermasters/MEAPmigration/barbadosephemera/images/barb_eph_t0089_0003.tif,Page,Page 3,3
ark:/21198/z1km14zz,ark:/21198/z1x65jcs,Masters/othermasters/MEAPmigration/barbadosephemera/images/barb_eph_t0089_0004.tif,Page,Page 4,4
ark:/21198/z1km14zz,ark:/21198/z1sf4sph,Masters/othermasters/MEAPmigration/barbadosephemera/images/barb_eph_t0089_0005.tif,Page,Page 5,5
ark:/21198/z1km14zz,ark:/21198/z1ns2rch,Masters/othermasters/MEAPmigration/barbadosephemera/images/barb_eph_t0089_0006.tif,Page,Page 6,6
ark:/21198/z1km14zz,ark:/21198/z1j120px,Masters/othermasters/MEAPmigration/barbadosephemera/images/barb_eph_t0089_0007.tif,Page,Page 7,7
ark:/21198/z1km14zz,ark:/21198/z1d817w9,Masters/othermasters/MEAPmigration/barbadosephemera/images/barb_eph_t0089_0008.tif,Page,Page 8,8
ark:/21198/z1km14zz,ark:/21198/z18h0h4j,Masters/othermasters/MEAPmigration/barbadosephemera/images/barb_eph_t0089_0009.tif,Page,Page 9,9
ark:/21198/z1km14zz,ark:/21198/z14q9rct,Masters/othermasters/MEAPmigration/barbadosephemera/images/barb_eph_t0089_0010.tif,Page,Page 10,10
ark:/21198/z1km14zz,ark:/21198/z10z90rt,Masters/othermasters/MEAPmigration/barbadosephemera/images/barb_eph_t0089_0011.tif,Page,Page 11,11
ark:/21198/z1km14zz,ark:/21198/z1w976m8,Masters/othermasters/MEAPmigration/barbadosephemera/images/barb_eph_t0089_0012.tif,Page,Page 12,12
ark:/21198/z1km14zz,ark:/21198/z1rj6fzf,Masters/othermasters/MEAPmigration/barbadosephemera/images/barb_eph_t0089_0013.tif,Page,Page 13,13
ark:/21198/z1km14zz,ark:/21198/z1ms5q91,Masters/othermasters/MEAPmigration/barbadosephemera/images/barb_eph_t0089_0014.tif,Page,Page 14,14
ark:/21198/z1km14zz,ark:/21198/z1h14zg8,Masters/othermasters/MEAPmigration/barbadosephemera/images/barb_eph_t0089_0015.tif,Page,Page 15,15
ark:/21198/z1fx93kh,ark:/21198/z1c846qg,Masters/othermasters/MEAPmigration/barbadosephemera/images/barb_eph_t0090_0001.tif,Page,Page 1,1
ark:/21198/z1fx93kh,ark:/21198/z17h3g05,Masters/othermasters/MEAPmigration/barbadosephemera/images/barb_eph_t0090_0002.tif,Page,Page 2,2
ark:/21198/z1fx93kh,ark:/21198/z13r2qbb,Masters/othermasters/MEAPmigration/barbadosephemera/images/barb_eph_t0090_0003.tif,Page,Page 3,3
ark:/21198/z1fx93kh,ark:/21198/z1030nxw,Masters/othermasters/MEAPmigration/barbadosephemera/images/barb_eph_t0090_0004.tif,Page,Page 4,4
ark:/21198/z1fx93kh,ark:/21198/z1vb05jb,Masters/othermasters/MEAPmigration/barbadosephemera/images/barb_eph_t0090_0005.tif,Page,Page 5,5
ark:/21198/z1fx93kh,ark:/21198/z1qj9dsm,Masters/othermasters/MEAPmigration/barbadosephemera/images/barb_eph_t0090_0006.tif,Page,Page 6,6
ark:/21198/z1fx93kh,ark:/21198/z1ks8p1v,Masters/othermasters/MEAPmigration/barbadosephemera/images/barb_eph_t0090_0007.tif,Page,Page 7,7
ark:/21198/z1fx93kh,ark:/21198/z1g17x7j,Masters/othermasters/MEAPmigration/barbadosephemera/images/barb_eph_t0090_0008.tif,Page,Page 8,8
ark:/21198/z1fx93kh,ark:/21198/z1b875jn,Masters/othermasters/MEAPmigration/barbadosephemera/images/barb_eph_t0090_0009.tif,Page,Page 9,9
ark:/21198/z1fx93kh,ark:/21198/z16h6dwt,Masters/othermasters/MEAPmigration/barbadosephemera/images/barb_eph_t0090_0010.tif,Page,Page 10,10
ark:/21198/z1fx93kh,ark:/21198/z12v4cjc,Masters/othermasters/MEAPmigration/barbadosephemera/images/barb_eph_t0090_0011.tif,Page,Page 11,11
ark:/21198/z1fx93kh,ark:/21198/z1z33w5r,Masters/othermasters/MEAPmigration/barbadosephemera/images/barb_eph_t0090_0012.tif,Page,Page 12,12
ark:/21198/z1fx93kh,ark:/21198/z1tb34dz,Masters/othermasters/MEAPmigration/barbadosephemera/images/barb_eph_t0090_0013.tif,Page,Page 13,13
ark:/21198/z1fx93kh,ark:/21198/z1pk2ckw,Masters/othermasters/MEAPmigration/barbadosephemera/images/barb_eph_t0090_0014.tif,Page,Page 14,14
ark:/21198/z1fx93kh,ark:/21198/z1jt1mtq,Masters/othermasters/MEAPmigration/barbadosephemera/images/barb_eph_t0090_0015.tif,Page,Page 15,15
ark:/21198/z1fx93kh,ark:/21198/z1f20w3q,Masters/othermasters/MEAPmigration/barbadosephemera/images/barb_eph_t0090_0016.tif,Page,Page 16,16
ark:/21198/z1b58bwj,ark:/21198/z19904gq,Masters/othermasters/MEAPmigration/barbadosephemera/images/barb_eph_t0091_0001.tif,Page,Page 1,1
ark:/21198/z1b58bwj,ark:/21198/z15m8355,Masters/othermasters/MEAPmigration/barbadosephemera/images/barb_eph_t0091_0002.tif,Page,Page 2,2
ark:/21198/z1b58bwj,ark:/21198/z11v7bgw,Masters/othermasters/MEAPmigration/barbadosephemera/images/barb_eph_t0091_0003.tif,Page,Page 3,3
ark:/21198/z1b58bwj,ark:/21198/z1x36v0x,Masters/othermasters/MEAPmigration/barbadosephemera/images/barb_eph_t0091_0004.tif,Page,Page 4,4
ark:/21198/z1b58bwj,ark:/21198/z1sb636p,Masters/othermasters/MEAPmigration/barbadosephemera/images/barb_eph_t0091_0005.tif,Page,Page 5,5
ark:/21198/z1b58bwj,ark:/21198/z1nk5bfh,Masters/othermasters/MEAPmigration/barbadosephemera/images/barb_eph_t0091_0006.tif,Page,Page 6,6
ark:/21198/z1b58bwj,ark:/21198/z1ht4kr7,Masters/othermasters/MEAPmigration/barbadosephemera/images/barb_eph_t0091_0007.tif,Page,Page 7,7
ark:/21198/z1b58bwj,ark:/21198/z1d23v34,Masters/othermasters/MEAPmigration/barbadosephemera/images/barb_eph_t0091_0008.tif,Page,Page 8,8
ark:/21198/z1b58bwj,ark:/21198/z18d1spc,Masters/othermasters/MEAPmigration/barbadosephemera/images/barb_eph_t0091_0009.tif,Page,Page 9,9
ark:/21198/z1b58bwj,ark:/21198/z14n122s,Masters/othermasters/MEAPmigration/barbadosephemera/images/barb_eph_t0091_0010.tif,Page,Page 10,10
ark:/21198/z1b58bwj,ark:/21198/z10w0985,Masters/othermasters/MEAPmigration/barbadosephemera/images/barb_eph_t0091_0011.tif,Page,Page 11,11
ark:/21198/z1b58bwj,ark:/21198/z1w39srs,Masters/othermasters/MEAPmigration/barbadosephemera/images/barb_eph_t0091_0012.tif,Page,Page 12,12
ark:/21198/z16d7m4s,ark:/21198/z1rb920d,Masters/othermasters/MEAPmigration/barbadosephemera/images/barb_eph_t0092_0001.tif,Page,Page 1,1
ark:/21198/z16d7m4s,ark:/21198/z1mk8994,Masters/othermasters/MEAPmigration/barbadosephemera/images/barb_eph_t0092_0002.tif,Page,Page 2,2
ark:/21198/z16d7m4s,ark:/21198/z1gt7jn9,Masters/othermasters/MEAPmigration/barbadosephemera/images/barb_eph_t0092_0003.tif,Page,Page 3,3
ark:/21198/z16d7m4s,ark:/21198/z1c55h8q,Masters/othermasters/MEAPmigration/barbadosephemera/images/barb_eph_t0092_0004.tif,Page,Page 4,4
ark:/21198/z16d7m4s,ark:/21198/z17d4rnb,Masters/othermasters/MEAPmigration/barbadosephemera/images/barb_eph_t0092_0005.tif,Page,Page 5,5
ark:/21198/z16d7m4s,ark:/21198/z13n40wj,Masters/othermasters/MEAPmigration/barbadosephemera/images/barb_eph_t0092_0006.tif,Page,Page 6,6
ark:/21198/z16d7m4s,ark:/21198/z1zw3hbc,Masters/othermasters/MEAPmigration/barbadosephemera/images/barb_eph_t0092_0007.tif,Page,Page 7,7
ark:/21198/z16d7m4s,ark:/21198/z1v42rkh,Masters/othermasters/MEAPmigration/barbadosephemera/images/barb_eph_t0092_0008.tif,Page,Page 8,8
ark:/21198/z12n6vb5,ark:/21198/z1qc20wm,Masters/othermasters/MEAPmigration/barbadosephemera/images/barb_eph_t0093_0001.tif,Page,Page 1,1
ark:/21198/z12n6vb5,ark:/21198/z1km188n,Masters/othermasters/MEAPmigration/barbadosephemera/images/barb_eph_t0093_0002.tif,Page,Page 2,2
ark:/21198/z12n6vb5,ark:/21198/z1fx96x7,Masters/othermasters/MEAPmigration/barbadosephemera/images/barb_eph_t0093_0003.tif,Page,Page 3,3
ark:/21198/z12n6vb5,ark:/21198/z1b58g7p,Masters/othermasters/MEAPmigration/barbadosephemera/images/barb_eph_t0093_0004.tif,Page,Page 4,4
ark:/21198/z12n6vb5,ark:/21198/z16d7qgh,Masters/othermasters/MEAPmigration/barbadosephemera/images/barb_eph_t0093_0005.tif,Page,Page 5,5
ark:/21198/z12n6vb5,ark:/21198/z12n6zpw,Masters/othermasters/MEAPmigration/barbadosephemera/images/barb_eph_t0093_0006.tif,Page,Page 6,6
ark:/21198/z12n6vb5,ark:/21198/z1xw6g60,Masters/othermasters/MEAPmigration/barbadosephemera/images/barb_eph_t0093_0007.tif,Page,Page 7,7
ark:/21198/z12n6vb5,ark:/21198/z1t45qjg,Masters/othermasters/MEAPmigration/barbadosephemera/images/barb_eph_t0093_0008.tif,Page,Page 8,8
ark:/21198/z12n6vb5,ark:/21198/z1pc4zwn,Masters/othermasters/MEAPmigration/barbadosephemera/images/barb_eph_t0093_0009.tif,Page,Page 9,9
ark:/21198/z12n6vb5,ark:/21198/z1jq2xfv,Masters/othermasters/MEAPmigration/barbadosephemera/images/barb_eph_t0093_0010.tif,Page,Page 10,10
ark:/21198/z12n6vb5,ark:/21198/z1dz25tv,Masters/othermasters/MEAPmigration/barbadosephemera/images/barb_eph_t0093_0011.tif,Page,Page 11,11
ark:/21198/z12n6vb5,ark:/21198/z1961f1z,Masters/othermasters/MEAPmigration/barbadosephemera/images/barb_eph_t0093_0012.tif,Page,Page 12,12
ark:/21198/z12n6vb5,ark:/21198/z15f0p8s,Masters/othermasters/MEAPmigration/barbadosephemera/images/barb_eph_t0093_0013.tif,Page,Page 13,13
ark:/21198/z12n6vb5,ark:/21198/z11n9xh2,Masters/othermasters/MEAPmigration/barbadosephemera/images/barb_eph_t0093_0014.tif,Page,Page 14,14
ark:/21198/z12n6vb5,ark:/21198/z1ww9f4h,Masters/othermasters/MEAPmigration/barbadosephemera/images/barb_eph_t0093_0015.tif,Page,Page 15,15
ark:/21198/z12n6vb5,ark:/21198/z1s48pg0,Masters/othermasters/MEAPmigration/barbadosephemera/images/barb_eph_t0093_0016.tif,Page,Page 16,16
ark:/21198/z12n6vb5,ark:/21198/z1ng6n2n,Masters/othermasters/MEAPmigration/barbadosephemera/images/barb_eph_t0093_0017.tif,Page,Page 17,17
ark:/21198/z12n6vb5,ark:/21198/z1hq5wdt,Masters/othermasters/MEAPmigration/barbadosephemera/images/barb_eph_t0093_0018.tif,Page,Page 18,18
ark:/21198/z12n6vb5,ark:/21198/z1cz54n1,Masters/othermasters/MEAPmigration/barbadosephemera/images/barb_eph_t0093_0019.tif,Page,Page 19,19
ark:/21198/z12n6vb5,ark:/21198/z1864cvq,Masters/othermasters/MEAPmigration/barbadosephemera/images/barb_eph_t0093_0020.tif,Page,Page 20,20
ark:/21198/z12n6vb5,ark:/21198/z14f3n4d,Masters/othermasters/MEAPmigration/barbadosephemera/images/barb_eph_t0093_0021.tif,Page,Page 21,21
ark:/21198/z1xw6bvv,ark:/21198/z10p2wgk,Masters/othermasters/MEAPmigration/barbadosephemera/images/barb_eph_t0094_0001.tif,Page,Page 1,1
ark:/21198/z1xw6bvv,ark:/21198/z1w113bd,Masters/othermasters/MEAPmigration/barbadosephemera/images/barb_eph_t0094_0002.tif,Page,Page 2,2
ark:/21198/z1xw6bvv,ark:/21198/z1r80bq1,Masters/othermasters/MEAPmigration/barbadosephemera/images/barb_eph_t0094_0003.tif,Page,Page 3,3
ark:/21198/z1xw6bvv,ark:/21198/z1mg9m1m,Masters/othermasters/MEAPmigration/barbadosephemera/images/barb_eph_t0094_0004.tif,Page,Page 4,4
ark:/21198/z1xw6bvv,ark:/21198/z1gq8v8f,Masters/othermasters/MEAPmigration/barbadosephemera/images/barb_eph_t0094_0005.tif,Page,Page 5,5
ark:/21198/z1xw6bvv,ark:/21198/z1bz83g6,Masters/othermasters/MEAPmigration/barbadosephemera/images/barb_eph_t0094_0006.tif,Page,Page 6,6
ark:/21198/z1xw6bvv,ark:/21198/z1767brs,Masters/othermasters/MEAPmigration/barbadosephemera/images/barb_eph_t0094_0007.tif,Page,Page 7,7
ark:/21198/z1xw6bvv,ark:/21198/z13f6m4t,Masters/othermasters/MEAPmigration/barbadosephemera/images/barb_eph_t0094_0008.tif,Page,Page 8,8
ark:/21198/z1xw6bvv,ark:/21198/z1zs4sxn,Masters/othermasters/MEAPmigration/barbadosephemera/images/barb_eph_t0094_0009.tif,Page,Page 9,9
ark:/21198/z1xw6bvv,ark:/21198/z1v1428x,Masters/othermasters/MEAPmigration/barbadosephemera/images/barb_eph_t0094_0010.tif,Page,Page 10,10
ark:/21198/z1xw6bvv,ark:/21198/z1q839m3,Masters/othermasters/MEAPmigration/barbadosephemera/images/barb_eph_t0094_0011.tif,Page,Page 11,11
ark:/21198/z1xw6bvv,ark:/21198/z1kh2jtg,Masters/othermasters/MEAPmigration/barbadosephemera/images/barb_eph_t0094_0012.tif,Page,Page 12,12
ark:/21198/z1xw6bvv,ark:/21198/z1fr1t2q,Masters/othermasters/MEAPmigration/barbadosephemera/images/barb_eph_t0094_0013.tif,Page,Page 13,13
ark:/21198/z1t45m59,ark:/21198/z1b01297,Masters/othermasters/MEAPmigration/barbadosephemera/images/barb_eph_t0095_0001.tif,Page,Page 1,1
ark:/21198/z1t45m59,ark:/21198/z16709pv,Masters/othermasters/MEAPmigration/barbadosephemera/images/barb_eph_t0095_0002.tif,Page,Page 2,2
ark:/21198/z1t45m59,ark:/21198/z12j888z,Masters/othermasters/MEAPmigration/barbadosephemera/images/barb_eph_t0095_0003.tif,Page,Page 3,3
ark:/21198/z1t45m59,ark:/21198/z1xs7rwm,Masters/othermasters/MEAPmigration/barbadosephemera/images/barb_eph_t0095_0004.tif,Page,Page 4,4
ark:/21198/z1pc4vhg,ark:/21198/z1t17150,Masters/othermasters/MEAPmigration/barbadosephemera/images/barb_eph_t0096_0001.tif,Page,Page 1,1
ark:/21198/z1pc4vhg,ark:/21198/z1p868cc,Masters/othermasters/MEAPmigration/barbadosephemera/images/barb_eph_t0096_0002.tif,Page,Page 2,2
ark:/21198/z1pc4vhg,ark:/21198/z1jh5hkr,Masters/othermasters/MEAPmigration/barbadosephemera/images/barb_eph_t0096_0003.tif,Page,Page 3,3
ark:/21198/z1pc4vhg,ark:/21198/z1dr4rwg,Masters/othermasters/MEAPmigration/barbadosephemera/images/barb_eph_t0096_0004.tif,Page,Page 4,4
ark:/21198/z1pc4vhg,ark:/21198/z190417r,Masters/othermasters/MEAPmigration/barbadosephemera/images/barb_eph_t0096_0005.tif,Page,Page 5,5
ark:/21198/z1pc4vhg,ark:/21198/z15b1zxz,Masters/othermasters/MEAPmigration/barbadosephemera/images/barb_eph_t0096_0006.tif,Page,Page 6,6
ark:/21198/z1pc4vhg,ark:/21198/z11k179c,Masters/othermasters/MEAPmigration/barbadosephemera/images/barb_eph_t0096_0007.tif,Page,Page 7,7
ark:/21198/z1pc4vhg,ark:/21198/z1wt0qrs,Masters/othermasters/MEAPmigration/barbadosephemera/images/barb_eph_t0096_0008.tif,Page,Page 8,8
ark:/21198/z1pc4vhg,ark:/21198/z1s2000q,Masters/othermasters/MEAPmigration/barbadosephemera/images/barb_eph_t0096_0009.tif,Page,Page 9,9
ark:/21198/z1pc4vhg,ark:/21198/z1n8976j,Masters/othermasters/MEAPmigration/barbadosephemera/images/barb_eph_t0096_0010.tif,Page,Page 10,10
ark:/21198/z1pc4vhg,ark:/21198/z1hh8ggt,Masters/othermasters/MEAPmigration/barbadosephemera/images/barb_eph_t0096_0011.tif,Page,Page 11,11
ark:/21198/z1pc4vhg,ark:/21198/z1cr7qvf,Masters/othermasters/MEAPmigration/barbadosephemera/images/barb_eph_t0096_0012.tif,Page,Page 12,12
ark:/21198/z1pc4vhg,ark:/21198/z1835pgv,Masters/othermasters/MEAPmigration/barbadosephemera/images/barb_eph_t0096_0013.tif,Page,Page 13,13
ark:/21198/z1pc4vhg,ark:/21198/z14b4xt1,Masters/othermasters/MEAPmigration/barbadosephemera/images/barb_eph_t0096_0014.tif,Page,Page 14,14
ark:/21198/z1pc4vhg,ark:/21198/z10k4633,Masters/othermasters/MEAPmigration/barbadosephemera/images/barb_eph_t0096_0015.tif,Page,Page 15,15
ark:/21198/z1pc4vhg,ark:/21198/z1vt3pjh,Masters/othermasters/MEAPmigration/barbadosephemera/images/barb_eph_t0096_0016.tif,Page,Page 16,16
ark:/21198/z1jq2t34,ark:/21198/z1r22xsn,Masters/othermasters/MEAPmigration/barbadosephemera/images/barb_eph_t0097_0001.tif,Page,Page 1,1
ark:/21198/z1jq2t34,ark:/21198/z1m9262q,Masters/othermasters/MEAPmigration/barbadosephemera/images/barb_eph_t0097_0002.tif,Page,Page 2,2
ark:/21198/z1jq2t34,ark:/21198/z1gj1ffb,Masters/othermasters/MEAPmigration/barbadosephemera/images/barb_eph_t0097_0003.tif,Page,Page 3,3
ark:/21198/z1jq2t34,ark:/21198/z1bv9d2w,Masters/othermasters/MEAPmigration/barbadosephemera/images/barb_eph_t0097_0004.tif,Page,Page 4,4
ark:/21198/z1jq2t34,ark:/21198/z1738ndc,Masters/othermasters/MEAPmigration/barbadosephemera/images/barb_eph_t0097_0005.tif,Page,Page 5,5
ark:/21198/z1jq2t34,ark:/21198/z13b7wn6,Masters/othermasters/MEAPmigration/barbadosephemera/images/barb_eph_t0097_0006.tif,Page,Page 6,6
ark:/21198/z1jq2t34,ark:/21198/z1zk7d4v,Masters/othermasters/MEAPmigration/barbadosephemera/images/barb_eph_t0097_0007.tif,Page,Page 7,7
ark:/21198/z1jq2t34,ark:/21198/z1tt6nb7,Masters/othermasters/MEAPmigration/barbadosephemera/images/barb_eph_t0097_0008.tif,Page,Page 8,8
ark:/21198/z1jq2t34,ark:/21198/z1q25wn8,Masters/othermasters/MEAPmigration/barbadosephemera/images/barb_eph_t0097_0009.tif,Page,Page 9,9
ark:/21198/z1jq2t34,ark:/21198/z1k95507,Masters/othermasters/MEAPmigration/barbadosephemera/images/barb_eph_t0097_0010.tif,Page,Page 10,10
ark:/21198/z1jq2t34,ark:/21198/z1fn33nc,Masters/othermasters/MEAPmigration/barbadosephemera/images/barb_eph_t0097_0011.tif,Page,Page 11,11
ark:/21198/z1jq2t34,ark:/21198/z19w2c1d,Masters/othermasters/MEAPmigration/barbadosephemera/images/barb_eph_t0097_0012.tif,Page,Page 12,12
ark:/21198/z1jq2t34,ark:/21198/z1641m73,Masters/othermasters/MEAPmigration/barbadosephemera/images/barb_eph_t0097_0013.tif,Page,Page 13,13
ark:/21198/z1jq2t34,ark:/21198/z12c0vgx,Masters/othermasters/MEAPmigration/barbadosephemera/images/barb_eph_t0097_0014.tif,Page,Page 14,14
ark:/21198/z1jq2t34,ark:/21198/z1xm0bz5,Masters/othermasters/MEAPmigration/barbadosephemera/images/barb_eph_t0097_0015.tif,Page,Page 15,15
ark:/21198/z1jq2t34,ark:/21198/z1st9m79,Masters/othermasters/MEAPmigration/barbadosephemera/images/barb_eph_t0097_0016.tif,Page,Page 16,16
ark:/21198/z1jq2t34,ark:/21198/z1p28vm7,Masters/othermasters/MEAPmigration/barbadosephemera/images/barb_eph_t0097_0017.tif,Page,Page 17,17
ark:/21198/z1jq2t34,ark:/21198/z1jd6t7b,Masters/othermasters/MEAPmigration/barbadosephemera/images/barb_eph_t0097_0018.tif,Page,Page 18,18
ark:/21198/z1jq2t34,ark:/21198/z1dn62jf,Masters/othermasters/MEAPmigration/barbadosephemera/images/barb_eph_t0097_0019.tif,Page,Page 19,19
ark:/21198/z1jq2t34,ark:/21198/z18w59tq,Masters/othermasters/MEAPmigration/barbadosephemera/images/barb_eph_t0097_0020.tif,Page,Page 20,20
ark:/21198/z1jq2t34,ark:/21198/z1544k1t,Masters/othermasters/MEAPmigration/barbadosephemera/images/barb_eph_t0097_0021.tif,Page,Page 21,21
ark:/21198/z1jq2t34,ark:/21198/z11c3t8n,Masters/othermasters/MEAPmigration/barbadosephemera/images/barb_eph_t0097_0022.tif,Page,Page 22,22
ark:/21198/z1jq2t34,ark:/21198/z1wm39v7,Masters/othermasters/MEAPmigration/barbadosephemera/images/barb_eph_t0097_0023.tif,Page,Page 23,23
ark:/21198/z1jq2t34,ark:/21198/z1rv2k78,Masters/othermasters/MEAPmigration/barbadosephemera/images/barb_eph_t0097_0024.tif,Page,Page 24,24
ark:/21198/z1dz22g4,ark:/21198/z1n60htt,Masters/othermasters/MEAPmigration/barbadosephemera/images/barb_eph_t0098_0001.tif,Page,Page 1,1
ark:/21198/z1dz22g4,ark:/21198/z1hd9s5v,Masters/othermasters/MEAPmigration/barbadosephemera/images/barb_eph_t0098_0002.tif,Page,Page 2,2
ark:/21198/z1dz22g4,ark:/21198/z1cn91cm,Masters/othermasters/MEAPmigration/barbadosephemera/images/barb_eph_t0098_0003.tif,Page,Page 3,3
ark:/21198/z1dz22g4,ark:/21198/z17w88k0,Masters/othermasters/MEAPmigration/barbadosephemera/images/barb_eph_t0098_0004.tif,Page,Page 4,4
ark:/21198/z19619pt,ark:/21198/z1447hvk,Masters/othermasters/MEAPmigration/barbadosephemera/images/barb_eph_t0099_0001.tif,Page,Page 1,1
ark:/21198/z19619pt,ark:/21198/z10c6s65,Masters/othermasters/MEAPmigration/barbadosephemera/images/barb_eph_t0099_0002.tif,Page,Page 2,2
ark:/21198/z15f0jxn,ark:/21198/z1vm68r9,Masters/othermasters/MEAPmigration/barbadosephemera/images/barb_eph_t0100_0001.tif,Page,Page 1,1
ark:/21198/z15f0jxn,ark:/21198/z1qz47dv,Masters/othermasters/MEAPmigration/barbadosephemera/images/barb_eph_t0100_0002.tif,Page,Page 2,2
ark:/21198/z15f0jxn,ark:/21198/z1m63gss,Masters/othermasters/MEAPmigration/barbadosephemera/images/barb_eph_t0100_0003.tif,Page,Page 3,3
ark:/21198/z15f0jxn,ark:/21198/z1gf2r0k,Masters/othermasters/MEAPmigration/barbadosephemera/images/barb_eph_t0100_0004.tif,Page,Page 4,4
ark:/21198/z15f0jxn,ark:/21198/z1bp207s,Masters/othermasters/MEAPmigration/barbadosephemera/images/barb_eph_t0100_0005.tif,Page,Page 5,5
ark:/21198/z11n9t5b,ark:/21198/z16x17gm,Masters/othermasters/MEAPmigration/barbadosephemera/images/barb_eph_t0101_0001.tif,Page,Page 1,1
ark:/21198/z11n9t5b,ark:/21198/z1350gt3,Masters/othermasters/MEAPmigration/barbadosephemera/images/barb_eph_t0101_0002.tif,Page,Page 2,2
ark:/21198/z11n9t5b,ark:/21198/z1zg8pn7,Masters/othermasters/MEAPmigration/barbadosephemera/images/barb_eph_t0101_0003.tif,Page,Page 3,3
ark:/21198/z11n9t5b,ark:/21198/z1tq7z18,Masters/othermasters/MEAPmigration/barbadosephemera/images/barb_eph_t0101_0004.tif,Page,Page 4,4
ark:/21198/z11n9t5b,ark:/21198/z1pz76bc,Masters/othermasters/MEAPmigration/barbadosephemera/images/barb_eph_t0101_0005.tif,Page,Page 5,5
ark:/21198/z11n9t5b,ark:/21198/z1k66fkh,Masters/othermasters/MEAPmigration/barbadosephemera/images/barb_eph_t0101_0006.tif,Page,Page 6,6
ark:/21198/z11n9t5b,ark:/21198/z1ff5psw,Masters/othermasters/MEAPmigration/barbadosephemera/images/barb_eph_t0101_0007.tif,Page,Page 7,7
ark:/21198/z11n9t5b,ark:/21198/z19p4z2k,Masters/othermasters/MEAPmigration/barbadosephemera/images/barb_eph_t0101_0008.tif,Page,Page 8,8
ark:/21198/z11n9t5b,ark:/21198/z15x46d4,Masters/othermasters/MEAPmigration/barbadosephemera/images/barb_eph_t0101_0009.tif,Page,Page 9,9
ark:/21198/z11n9t5b,ark:/21198/z1282503,Masters/othermasters/MEAPmigration/barbadosephemera/images/barb_eph_t0101_0010.tif,Page,Page 10,10
ark:/21198/z11n9t5b,ark:/21198/z1xh1nmr,Masters/othermasters/MEAPmigration/barbadosephemera/images/barb_eph_t0101_0011.tif,Page,Page 11,11
ark:/21198/z11n9t5b,ark:/21198/z1sr0wxg,Masters/othermasters/MEAPmigration/barbadosephemera/images/barb_eph_t0101_0012.tif,Page,Page 12,12
ark:/21198/z11n9t5b,ark:/21198/z1p0054z,Masters/othermasters/MEAPmigration/barbadosephemera/images/barb_eph_t0101_0013.tif,Page,Page 13,13
ark:/21198/z11n9t5b,ark:/21198/z1j69dbs,Masters/othermasters/MEAPmigration/barbadosephemera/images/barb_eph_t0101_0014.tif,Page,Page 14,14
ark:/21198/z11n9t5b,ark:/21198/z1df8nm2,Masters/othermasters/MEAPmigration/barbadosephemera/images/barb_eph_t0101_0015.tif,Page,Page 15,15
ark:/21198/z11n9t5b,ark:/21198/z18p7x03,Masters/othermasters/MEAPmigration/barbadosephemera/images/barb_eph_t0101_0016.tif,Page,Page 16,16
ark:/21198/z11n9t5b,ark:/21198/z1515vnj,Masters/othermasters/MEAPmigration/barbadosephemera/images/barb_eph_t0101_0017.tif,Page,Page 17,17
ark:/21198/z11n9t5b,ark:/21198/z118540h,Masters/othermasters/MEAPmigration/barbadosephemera/images/barb_eph_t0101_0018.tif,Page,Page 18,18
ark:/21198/z11n9t5b,ark:/21198/z1wh4mht,Masters/othermasters/MEAPmigration/barbadosephemera/images/barb_eph_t0101_0019.tif,Page,Page 19,19
ark:/21198/z11n9t5b,ark:/21198/z1rr3vq6,Masters/othermasters/MEAPmigration/barbadosephemera/images/barb_eph_t0101_0020.tif,Page,Page 20,20
ark:/21198/z11n9t5b,ark:/21198/z1n033zq,Masters/othermasters/MEAPmigration/barbadosephemera/images/barb_eph_t0101_0021.tif,Page,Page 21,21
ark:/21198/z11n9t5b,ark:/21198/z1h72c7d,Masters/othermasters/MEAPmigration/barbadosephemera/images/barb_eph_t0101_0022.tif,Page,Page 22,22
ark:/21198/z11n9t5b,ark:/21198/z1cg1mkk,Masters/othermasters/MEAPmigration/barbadosephemera/images/barb_eph_t0101_0023.tif,Page,Page 23,23
ark:/21198/z11n9t5b,ark:/21198/z17s9k64,Masters/othermasters/MEAPmigration/barbadosephemera/images/barb_eph_t0101_0024.tif,Page,Page 24,24
ark:/21198/z1ww99rx,ark:/21198/z1418tk2,Masters/othermasters/MEAPmigration/barbadosephemera/images/barb_eph_t0102_0001.tif,Page,Page 1,1
ark:/21198/z1ww99rx,ark:/21198/z10882t8,Masters/othermasters/MEAPmigration/barbadosephemera/images/barb_eph_t0102_0002.tif,Page,Page 2,2
ark:/21198/z1ww99rx,ark:/21198/z1vh7kb0,Masters/othermasters/MEAPmigration/barbadosephemera/images/barb_eph_t0102_0003.tif,Page,Page 3,3
ark:/21198/z1ww99rx,ark:/21198/z1qr6tjc,Masters/othermasters/MEAPmigration/barbadosephemera/images/barb_eph_t0102_0004.tif,Page,Page 4,4
ark:/21198/z1ww99rx,ark:/21198/z1m062vs,Masters/othermasters/MEAPmigration/barbadosephemera/images/barb_eph_t0102_0005.tif,Page,Page 5,5
ark:/21198/z1ww99rx,ark:/21198/z1g75b6c,Masters/othermasters/MEAPmigration/barbadosephemera/images/barb_eph_t0102_0006.tif,Page,Page 6,6
ark:/21198/z1ww99rx,ark:/21198/z1bk38sm,Masters/othermasters/MEAPmigration/barbadosephemera/images/barb_eph_t0102_0007.tif,Page,Page 7,7
ark:/21198/z1ww99rx,ark:/21198/z16t2j5n,Masters/othermasters/MEAPmigration/barbadosephemera/images/barb_eph_t0102_0008.tif,Page,Page 8,8
ark:/21198/z1ww99rx,ark:/21198/z1321sds,Masters/othermasters/MEAPmigration/barbadosephemera/images/barb_eph_t0102_0009.tif,Page,Page 9,9
ark:/21198/z1ww99rx,ark:/21198/z1z918w1,Masters/othermasters/MEAPmigration/barbadosephemera/images/barb_eph_t0102_0010.tif,Page,Page 10,10
ark:/21198/z1ww99rx,ark:/21198/z1tj0j3t,Masters/othermasters/MEAPmigration/barbadosephemera/images/barb_eph_t0102_0011.tif,Page,Page 11,11
ark:/21198/z1ww99rx,ark:/21198/z1pr9scj,Masters/othermasters/MEAPmigration/barbadosephemera/images/barb_eph_t0102_0012.tif,Page,Page 12,12
ark:/21198/z1ww99rx,ark:/21198/z1k091rv,Masters/othermasters/MEAPmigration/barbadosephemera/images/barb_eph_t0102_0013.tif,Page,Page 13,13
ark:/21198/z1ww99rx,ark:/21198/z1fb70dd,Masters/othermasters/MEAPmigration/barbadosephemera/images/barb_eph_t0102_0014.tif,Page,Page 14,14
ark:/21198/z1ww99rx,ark:/21198/z19k67rk,Masters/othermasters/MEAPmigration/barbadosephemera/images/barb_eph_t0102_0015.tif,Page,Page 15,15
ark:/21198/z1ww99rx,ark:/21198/z15t5h18,Masters/othermasters/MEAPmigration/barbadosephemera/images/barb_eph_t0102_0016.tif,Page,Page 16,16
ark:/21198/z1ww99rx,ark:/21198/z1224r7z,Masters/othermasters/MEAPmigration/barbadosephemera/images/barb_eph_t0102_0017.tif,Page,Page 17,17
ark:/21198/z1ww99rx,ark:/21198/z1x947q6,Masters/othermasters/MEAPmigration/barbadosephemera/images/barb_eph_t0102_0018.tif,Page,Page 18,18
ark:/21198/z1ww99rx,ark:/21198/z1sj3h1b,Masters/othermasters/MEAPmigration/barbadosephemera/images/barb_eph_t0102_0019.tif,Page,Page 19,19
ark:/21198/z1ww99rx,ark:/21198/z1ns2rdz,Masters/othermasters/MEAPmigration/barbadosephemera/images/barb_eph_t0102_0020.tif,Page,Page 20,20
ark:/21198/z1ww99rx,ark:/21198/z1j40q0x,Masters/othermasters/MEAPmigration/barbadosephemera/images/barb_eph_t0102_0021.tif,Page,Page 21,21
ark:/21198/z1ww99rx,ark:/21198/z1db9zc0,Masters/othermasters/MEAPmigration/barbadosephemera/images/barb_eph_t0102_0022.tif,Page,Page 22,22
ark:/21198/z1ww99rx,ark:/21198/z18k96kr,Masters/othermasters/MEAPmigration/barbadosephemera/images/barb_eph_t0102_0023.tif,Page,Page 23,23
ark:/21198/z1ww99rx,ark:/21198/z14t8fv1,Masters/othermasters/MEAPmigration/barbadosephemera/images/barb_eph_t0102_0024.tif,Page,Page 24,24
ark:/21198/z1ww99rx,ark:/21198/z1127q24,Masters/othermasters/MEAPmigration/barbadosephemera/images/barb_eph_t0102_0025.tif,Page,Page 25,25
ark:/21198/z1ww99rx,ark:/21198/z1w976nq,Masters/othermasters/MEAPmigration/barbadosephemera/images/barb_eph_t0102_0026.tif,Page,Page 26,26
ark:/21198/z1ww99rx,ark:/21198/z1rj6g09,Masters/othermasters/MEAPmigration/barbadosephemera/images/barb_eph_t0102_0027.tif,Page,Page 27,27
ark:/21198/z1ww99rx,ark:/21198/z1mw4dkj,Masters/othermasters/MEAPmigration/barbadosephemera/images/barb_eph_t0102_0028.tif,Page,Page 28,28
ark:/21198/z1s48k3t,ark:/21198/z1h43nzg,Masters/othermasters/MEAPmigration/barbadosephemera/images/barb_eph_t0103_0001.tif,Page,Page 1,1
ark:/21198/z1s48k3t,ark:/21198/z1cc2x6q,Masters/othermasters/MEAPmigration/barbadosephemera/images/barb_eph_t0103_0002.tif,Page,Page 2,2
ark:/21198/z1s48k3t,ark:/21198/z17m25c1,Masters/othermasters/MEAPmigration/barbadosephemera/images/barb_eph_t0103_0003.tif,Page,Page 3,3
ark:/21198/z1s48k3t,ark:/21198/z13v1dmv,Masters/othermasters/MEAPmigration/barbadosephemera/images/barb_eph_t0103_0004.tif,Page,Page 4,4
ark:/21198/z1s48k3t,ark:/21198/z1030nzb,Masters/othermasters/MEAPmigration/barbadosephemera/images/barb_eph_t0103_0005.tif,Page,Page 5,5
ark:/21198/z1s48k3t,ark:/21198/z1vb05ks,Masters/othermasters/MEAPmigration/barbadosephemera/images/barb_eph_t0103_0006.tif,Page,Page 6,6
ark:/21198/z1s48k3t,ark:/21198/z1qn847s,Masters/othermasters/MEAPmigration/barbadosephemera/images/barb_eph_t0103_0007.tif,Page,Page 7,7
ark:/21198/z1s48k3t,ark:/21198/z1kw7cjh,Masters/othermasters/MEAPmigration/barbadosephemera/images/barb_eph_t0103_0008.tif,Page,Page 8,8
ark:/21198/z1s48k3t,ark:/21198/z1g46mt3,Masters/othermasters/MEAPmigration/barbadosephemera/images/barb_eph_t0103_0009.tif,Page,Page 9,9
ark:/21198/z1s48k3t,ark:/21198/z1bc5w0f,Masters/othermasters/MEAPmigration/barbadosephemera/images/barb_eph_t0103_0010.tif,Page,Page 10,10
ark:/21198/z1s48k3t,ark:/21198/z16m547n,Masters/othermasters/MEAPmigration/barbadosephemera/images/barb_eph_t0103_0011.tif,Page,Page 11,11
ark:/21198/z1s48k3t,ark:/21198/z12v4ckt,Masters/othermasters/MEAPmigration/barbadosephemera/images/barb_eph_t0103_0012.tif,Page,Page 12,12
ark:/21198/z1s48k3t,ark:/21198/z1z62kgq,Masters/othermasters/MEAPmigration/barbadosephemera/images/barb_eph_t0103_0013.tif,Page,Page 13,13
ark:/21198/z1s48k3t,ark:/21198/z1tf1ttw,Masters/othermasters/MEAPmigration/barbadosephemera/images/barb_eph_t0103_0014.tif,Page,Page 14,14
ark:/21198/z1s48k3t,ark:/21198/z1pp1369,Masters/othermasters/MEAPmigration/barbadosephemera/images/barb_eph_t0103_0015.tif,Page,Page 15,15
ark:/21198/z1s48k3t,ark:/21198/z1jx0bdp,Masters/othermasters/MEAPmigration/barbadosephemera/images/barb_eph_t0103_0016.tif,Page,Page 16,16
ark:/21198/z1s48k3t,ark:/21198/z1f49kmt,Masters/othermasters/MEAPmigration/barbadosephemera/images/barb_eph_t0103_0017.tif,Page,Page 17,17
ark:/21198/z1s48k3t,ark:/21198/z19c8tvn,Masters/othermasters/MEAPmigration/barbadosephemera/images/barb_eph_t0103_0018.tif,Page,Page 18,18
ark:/21198/z1s48k3t,ark:/21198/z15m836m,Masters/othermasters/MEAPmigration/barbadosephemera/images/barb_eph_t0103_0019.tif,Page,Page 19,19
ark:/21198/z1s48k3t,ark:/21198/z11z61t9,Masters/othermasters/MEAPmigration/barbadosephemera/images/barb_eph_t0103_0020.tif,Page,Page 20,20
ark:/21198/z1s48k3t,ark:/21198/z1x65jd7,Masters/othermasters/MEAPmigration/barbadosephemera/images/barb_eph_t0103_0021.tif,Page,Page 21,21
ark:/21198/z1s48k3t,ark:/21198/z1sf4sqz,Masters/othermasters/MEAPmigration/barbadosephemera/images/barb_eph_t0103_0022.tif,Page,Page 22,22
ark:/21198/z1s48k3t,ark:/21198/z1np41xq,Masters/othermasters/MEAPmigration/barbadosephemera/images/barb_eph_t0103_0023.tif,Page,Page 23,23
ark:/21198/z1s48k3t,ark:/21198/z1hx394h,Masters/othermasters/MEAPmigration/barbadosephemera/images/barb_eph_t0103_0024.tif,Page,Page 24,24
ark:/21198/z1s48k3t,ark:/21198/z1d52jcn,Masters/othermasters/MEAPmigration/barbadosephemera/images/barb_eph_t0103_0025.tif,Page,Page 25,25
ark:/21198/z1s48k3t,ark:/21198/z18d1sqt,Masters/othermasters/MEAPmigration/barbadosephemera/images/barb_eph_t0103_0026.tif,Page,Page 26,26
ark:/21198/z1s48k3t,ark:/21198/z14q9rd8,Masters/othermasters/MEAPmigration/barbadosephemera/images/barb_eph_t0103_0027.tif,Page,Page 27,27
ark:/21198/z1s48k3t,ark:/21198/z10z90s8,Masters/othermasters/MEAPmigration/barbadosephemera/images/barb_eph_t0103_0028.tif,Page,Page 28,28
ark:/21198/z1s48k3t,ark:/21198/z1w68h8v,Masters/othermasters/MEAPmigration/barbadosephemera/images/barb_eph_t0103_0029.tif,Page,Page 29,29
ark:/21198/z1s48k3t,ark:/21198/z1rf7rhp,Masters/othermasters/MEAPmigration/barbadosephemera/images/barb_eph_t0103_0030.tif,Page,Page 30,30
ark:/21198/z1s48k3t,ark:/21198/z1mp70p0,Masters/othermasters/MEAPmigration/barbadosephemera/images/barb_eph_t0103_0031.tif,Page,Page 31,31
ark:/21198/z1s48k3t,ark:/21198/z1gx67z8,Masters/othermasters/MEAPmigration/barbadosephemera/images/barb_eph_t0103_0032.tif,Page,Page 32,32
ark:/21198/z1s48k3t,ark:/21198/z1c55h95,Masters/othermasters/MEAPmigration/barbadosephemera/images/barb_eph_t0103_0033.tif,Page,Page 33,33
ark:/21198/z1s48k3t,ark:/21198/z17h3g1m,Masters/othermasters/MEAPmigration/barbadosephemera/images/barb_eph_t0103_0034.tif,Page,Page 34,34
ark:/21198/z1s48k3t,ark:/21198/z13r2qcs,Masters/othermasters/MEAPmigration/barbadosephemera/images/barb_eph_t0103_0035.tif,Page,Page 35,35
ark:/21198/z1s48k3t,ark:/21198/z1001znc,Masters/othermasters/MEAPmigration/barbadosephemera/images/barb_eph_t0103_0036.tif,Page,Page 36,36
ark:/21198/z1s48k3t,ark:/21198/z1v71g3k,Masters/othermasters/MEAPmigration/barbadosephemera/images/barb_eph_t0103_0037.tif,Page,Page 37,37
ark:/21198/z1s48k3t,ark:/21198/z1qg0qbd,Masters/othermasters/MEAPmigration/barbadosephemera/images/barb_eph_t0103_0038.tif,Page,Page 38,38
ark:/21198/z1s48k3t,ark:/21198/z1kp9zkp,Masters/othermasters/MEAPmigration/barbadosephemera/images/barb_eph_t0103_0039.tif,Page,Page 39,39
ark:/21198/z1s48k3t,ark:/21198/z1fx96zp,Masters/othermasters/MEAPmigration/barbadosephemera/images/barb_eph_t0103_0040.tif,Page,Page 40,40
ark:/21198/z1s48k3t,ark:/21198/z1b875k3,Masters/othermasters/MEAPmigration/barbadosephemera/images/barb_eph_t0103_0041.tif,Page,Page 41,41
ark:/21198/z1s48k3t,ark:/21198/z16h6dx8,Masters/othermasters/MEAPmigration/barbadosephemera/images/barb_eph_t0103_0042.tif,Page,Page 42,42
ark:/21198/z1s48k3t,ark:/21198/z12r5p6z,Masters/othermasters/MEAPmigration/barbadosephemera/images/barb_eph_t0103_0043.tif,Page,Page 43,43
ark:/21198/z1s48k3t,ark:/21198/z1z055mm,Masters/othermasters/MEAPmigration/barbadosephemera/images/barb_eph_t0103_0044.tif,Page,Page 44,44
ark:/21198/z1s48k3t,ark:/21198/z1t74dvf,Masters/othermasters/MEAPmigration/barbadosephemera/images/barb_eph_t0103_0045.tif,Page,Page 45,45
ark:/21198/z1s48k3t,ark:/21198/z1pg3p44,Masters/othermasters/MEAPmigration/barbadosephemera/images/barb_eph_t0103_0046.tif,Page,Page 46,46
ark:/21198/z1s48k3t,ark:/21198/z1jq2xg9,Masters/othermasters/MEAPmigration/barbadosephemera/images/barb_eph_t0103_0047.tif,Page,Page 47,47
ark:/21198/z1s48k3t,ark:/21198/z1f20w45,Masters/othermasters/MEAPmigration/barbadosephemera/images/barb_eph_t0103_0048.tif,Page,Page 48,48
ark:/21198/z1s48k3t,ark:/21198/z19904h5,Masters/othermasters/MEAPmigration/barbadosephemera/images/barb_eph_t0103_0049.tif,Page,Page 49,49
ark:/21198/z1s48k3t,ark:/21198/z15h9crf,Masters/othermasters/MEAPmigration/barbadosephemera/images/barb_eph_t0103_0050.tif,Page,Page 50,50
ark:/21198/z1s48k3t,ark:/21198/z11r8n0p,Masters/othermasters/MEAPmigration/barbadosephemera/images/barb_eph_t0103_0051.tif,Page,Page 51,51
ark:/21198/z1s48k3t,ark:/21198/z1x084fs,Masters/othermasters/MEAPmigration/barbadosephemera/images/barb_eph_t0103_0052.tif,Page,Page 52,52
ark:/21198/z1s48k3t,ark:/21198/z1s77cq2,Masters/othermasters/MEAPmigration/barbadosephemera/images/barb_eph_t0103_0053.tif,Page,Page 53,53
ark:/21198/z1s48k3t,ark:/21198/z1ng6n33,Masters/othermasters/MEAPmigration/barbadosephemera/images/barb_eph_t0103_0054.tif,Page,Page 54,54
ark:/21198/z1s48k3t,ark:/21198/z1ht4ksp,Masters/othermasters/MEAPmigration/barbadosephemera/images/barb_eph_t0103_0055.tif,Page,Page 55,55
ark:/21198/z1s48k3t,ark:/21198/z1d23v4k,Masters/othermasters/MEAPmigration/barbadosephemera/images/barb_eph_t0103_0056.tif,Page,Page 56,56
ark:/21198/z1s48k3t,ark:/21198/z18933d7,Masters/othermasters/MEAPmigration/barbadosephemera/images/barb_eph_t0103_0057.tif,Page,Page 57,57
ark:/21198/z1s48k3t,ark:/21198/z14j2bk5,Masters/othermasters/MEAPmigration/barbadosephemera/images/barb_eph_t0103_0058.tif,Page,Page 58,58
ark:/21198/z1s48k3t,ark:/21198/z10s1kt0,Masters/othermasters/MEAPmigration/barbadosephemera/images/barb_eph_t0103_0059.tif,Page,Page 59,59
ark:/21198/z1s48k3t,ark:/21198/z1w113cv,Masters/othermasters/MEAPmigration/barbadosephemera/images/barb_eph_t0103_0060.tif,Page,Page 60,60
ark:/21198/z1s48k3t,ark:/21198/z1r80brg,Masters/othermasters/MEAPmigration/barbadosephemera/images/barb_eph_t0103_0061.tif,Page,Page 61,61
ark:/21198/z1s48k3t,ark:/21198/z1mk89bk,Masters/othermasters/MEAPmigration/barbadosephemera/images/barb_eph_t0103_0062.tif,Page,Page 62,62
ark:/21198/z1s48k3t,ark:/21198/z1gt7jpr,Masters/othermasters/MEAPmigration/barbadosephemera/images/barb_eph_t0103_0063.tif,Page,Page 63,63
ark:/21198/z1s48k3t,ark:/21198/z1c26szb,Masters/othermasters/MEAPmigration/barbadosephemera/images/barb_eph_t0103_0064.tif,Page,Page 64,64
ark:/21198/z1s48k3t,ark:/21198/z1796242,Masters/othermasters/MEAPmigration/barbadosephemera/images/barb_eph_t0103_0065.tif,Page,Page 65,65
ark:/21198/z1s48k3t,ark:/21198/z13j59cw,Masters/othermasters/MEAPmigration/barbadosephemera/images/barb_eph_t0103_0066.tif,Page,Page 66,66
ark:/21198/z1s48k3t,ark:/21198/z1zs4sz3,Masters/othermasters/MEAPmigration/barbadosephemera/images/barb_eph_t0103_0067.tif,Page,Page 67,67
ark:/21198/z1s48k3t,ark:/21198/z1v1429c,Masters/othermasters/MEAPmigration/barbadosephemera/images/barb_eph_t0103_0068.tif,Page,Page 68,68
ark:/21198/z1s48k3t,ark:/21198/z1qc20x2,Masters/othermasters/MEAPmigration/barbadosephemera/images/barb_eph_t0103_0069.tif,Page,Page 69,69
ark:/21198/z1s48k3t,ark:/21198/z1km1893,Masters/othermasters/MEAPmigration/barbadosephemera/images/barb_eph_t0103_0070.tif,Page,Page 70,70
ark:/21198/z1s48k3t,ark:/21198/z1fv0hhg,Masters/othermasters/MEAPmigration/barbadosephemera/images/barb_eph_t0103_0071.tif,Page,Page 71,71
ark:/21198/z1s48k3t,ark:/21198/z1b29rr2,Masters/othermasters/MEAPmigration/barbadosephemera/images/barb_eph_t0103_0072.tif,Page,Page 72,72
ark:/21198/z1s48k3t,ark:/21198/z169910p,Masters/othermasters/MEAPmigration/barbadosephemera/images/barb_eph_t0103_0073.tif,Page,Page 73,73
ark:/21198/z1s48k3t,ark:/21198/z12j889d,Masters/othermasters/MEAPmigration/barbadosephemera/images/barb_eph_t0103_0074.tif,Page,Page 74,74
ark:/21198/z1s48k3t,ark:/21198/z1xw6g7f,Masters/othermasters/MEAPmigration/barbadosephemera/images/barb_eph_t0103_0075.tif,Page,Page 75,75
ark:/21198/z1ng6hrz,ark:/21198/z1t45qkx,Masters/othermasters/MEAPmigration/barbadosephemera/images/barb_eph_t0104_0001.tif,Page,Page 1,1
ark:/21198/z1ng6hrz,ark:/21198/z1pc4zx3,Masters/othermasters/MEAPmigration/barbadosephemera/images/barb_eph_t0104_0002.tif,Page,Page 2,2
ark:/21198/z1ng6hrz,ark:/21198/z1jm4765,Masters/othermasters/MEAPmigration/barbadosephemera/images/barb_eph_t0104_0003.tif,Page,Page 3,3
ark:/21198/z1ng6hrz,ark:/21198/z1dv3gc3,Masters/othermasters/MEAPmigration/barbadosephemera/images/barb_eph_t0104_0004.tif,Page,Page 4,4
ark:/21198/z1ng6hrz,ark:/21198/z1932qm7,Masters/othermasters/MEAPmigration/barbadosephemera/images/barb_eph_t0104_0005.tif,Page,Page 5,5
ark:/21198/z1ng6hrz,ark:/21198/z15b1zzd,Masters/othermasters/MEAPmigration/barbadosephemera/images/barb_eph_t0104_0006.tif,Page,Page 6,6
ark:/21198/z1ng6hrz,ark:/21198/z11n9xjh,Masters/othermasters/MEAPmigration/barbadosephemera/images/barb_eph_t0104_0007.tif,Page,Page 7,7
ark:/21198/z1ng6hrz,ark:/21198/z1ww9f5z,Masters/othermasters/MEAPmigration/barbadosephemera/images/barb_eph_t0104_0008.tif,Page,Page 8,8
ark:/21198/z1ng6hrz,ark:/21198/z1s48phf,Masters/othermasters/MEAPmigration/barbadosephemera/images/barb_eph_t0104_0009.tif,Page,Page 9,9
ark:/21198/z1ng6hrz,ark:/21198/z1nc7xr8,Masters/othermasters/MEAPmigration/barbadosephemera/images/barb_eph_t0104_0010.tif,Page,Page 10,10
ark:/21198/z1ng6hrz,ark:/21198/z1hm75xk,Masters/othermasters/MEAPmigration/barbadosephemera/images/barb_eph_t0104_0011.tif,Page,Page 11,11
ark:/21198/z1hq5s3j,ark:/21198/z1cv6f5t,Masters/othermasters/MEAPmigration/barbadosephemera/images/barb_eph_t0105_0001.tif,Page,Page 1,1
ark:/21198/z1hq5s3j,ark:/21198/z1835ph9,Masters/othermasters/MEAPmigration/barbadosephemera/images/barb_eph_t0105_0002.tif,Page,Page 2,2
ark:/21198/z1cz5199,ark:/21198/z14f3n5v,Masters/othermasters/MEAPmigration/barbadosephemera/images/barb_eph_t0106_0001.tif,Page,Page 1,1
ark:/21198/z1cz5199,ark:/21198/z10p2wh1,Masters/othermasters/MEAPmigration/barbadosephemera/images/barb_eph_t0106_0002.tif,Page,Page 2,2
ark:/21198/z1cz5199,ark:/21198/z1vx2d2k,Masters/othermasters/MEAPmigration/barbadosephemera/images/barb_eph_t0106_0003.tif,Page,Page 3,3
ark:/21198/z1cz5199,ark:/21198/z1r51n88,Masters/othermasters/MEAPmigration/barbadosephemera/images/barb_eph_t0106_0004.tif,Page,Page 4,4
ark:/21198/z1cz5199,ark:/21198/z1md0wgn,Masters/othermasters/MEAPmigration/barbadosephemera/images/barb_eph_t0106_0005.tif,Page,Page 5,5
ark:/21198/z1cz5199,ark:/21198/z1gn04qv,Masters/othermasters/MEAPmigration/barbadosephemera/images/barb_eph_t0106_0006.tif,Page,Page 6,6
ark:/21198/z1cz5199,ark:/21198/z1bv9d3b,Masters/othermasters/MEAPmigration/barbadosephemera/images/barb_eph_t0106_0007.tif,Page,Page 7,7
ark:/21198/z1cz5199,ark:/21198/z1767bs7,Masters/othermasters/MEAPmigration/barbadosephemera/images/barb_eph_t0106_0008.tif,Page,Page 8,8
ark:/21198/z18648h0,ark:/21198/z13f6m58,Masters/othermasters/MEAPmigration/barbadosephemera/images/barb_eph_t0107_0001.tif,Page,Page 1,1
ark:/21198/z18648h0,ark:/21198/z1zp63nh,Masters/othermasters/MEAPmigration/barbadosephemera/images/barb_eph_t0107_0002.tif,Page,Page 2,2
ark:/21198/z18648h0,ark:/21198/z1tx5bxs,Masters/othermasters/MEAPmigration/barbadosephemera/images/barb_eph_t0107_0003.tif,Page,Page 3,3
ark:/21198/z18648h0,ark:/21198/z1q54m3f,Masters/othermasters/MEAPmigration/barbadosephemera/images/barb_eph_t0107_0004.tif,Page,Page 4,4
ark:/21198/z18648h0,ark:/21198/z1kd3vb8,Masters/othermasters/MEAPmigration/barbadosephemera/images/barb_eph_t0107_0005.tif,Page,Page 5,5
ark:/21198/z18648h0,ark:/21198/z1fn33pt,Masters/othermasters/MEAPmigration/barbadosephemera/images/barb_eph_t0107_0006.tif,Page,Page 6,6
ark:/21198/z18648h0,ark:/21198/z1b012bp,Masters/othermasters/MEAPmigration/barbadosephemera/images/barb_eph_t0107_0007.tif,Page,Page 7,7
ark:/21198/z18648h0,ark:/21198/z16709q9,Masters/othermasters/MEAPmigration/barbadosephemera/images/barb_eph_t0107_0008.tif,Page,Page 8,8
ark:/21198/z18648h0,ark:/21198/z12f9k0f,Masters/othermasters/MEAPmigration/barbadosephemera/images/barb_eph_t0107_0009.tif,Page,Page 9,9
ark:/21198/z18648h0,ark:/21198/z1xp92f7,Masters/othermasters/MEAPmigration/barbadosephemera/images/barb_eph_t0107_0010.tif,Page,Page 10,10
ark:/21198/z14f3hs8,ark:/21198/z1sx89nm,Masters/othermasters/MEAPmigration/barbadosephemera/images/barb_eph_t0108_0001.tif,Page,Page 1,1
ark:/21198/z14f3hs8,ark:/21198/z1p57jx6,Masters/othermasters/MEAPmigration/barbadosephemera/images/barb_eph_t0108_0002.tif,Page,Page 2,2
ark:/21198/z14f3hs8,ark:/21198/z1jd6t8s,Masters/othermasters/MEAPmigration/barbadosephemera/images/barb_eph_t0108_0003.tif,Page,Page 3,3
ark:/21198/z14f3hs8,ark:/21198/z1dr4rxx,Masters/othermasters/MEAPmigration/barbadosephemera/images/barb_eph_t0108_0004.tif,Page,Page 4,4
ark:/21198/z14f3hs8,ark:/21198/z1904186,Masters/othermasters/MEAPmigration/barbadosephemera/images/barb_eph_t0108_0005.tif,Page,Page 5,5
ark:/21198/z14f3hs8,ark:/21198/z15738jg,Masters/othermasters/MEAPmigration/barbadosephemera/images/barb_eph_t0108_0006.tif,Page,Page 6,6
ark:/21198/z14f3hs8,ark:/21198/z11g2hrv,Masters/othermasters/MEAPmigration/barbadosephemera/images/barb_eph_t0108_0007.tif,Page,Page 7,7
ark:/21198/z14f3hs8,ark:/21198/z1wq217h,Masters/othermasters/MEAPmigration/barbadosephemera/images/barb_eph_t0108_0008.tif,Page,Page 8,8
ark:/21198/z14f3hs8,ark:/21198/z1rz18gb,Masters/othermasters/MEAPmigration/barbadosephemera/images/barb_eph_t0108_0009.tif,Page,Page 9,9
ark:/21198/z14f3hs8,ark:/21198/z1n60hv8,Masters/othermasters/MEAPmigration/barbadosephemera/images/barb_eph_t0108_0010.tif,Page,Page 10,10
ark:/21198/z14f3hs8,ark:/21198/z1hh8gh8,Masters/othermasters/MEAPmigration/barbadosephemera/images/barb_eph_t0108_0011.tif,Page,Page 11,11
ark:/21198/z14f3hs8,ark:/21198/z1cr7qww,Masters/othermasters/MEAPmigration/barbadosephemera/images/barb_eph_t0108_0012.tif,Page,Page 12,12
ark:/21198/z14f3hs8,ark:/21198/z1807058,Masters/othermasters/MEAPmigration/barbadosephemera/images/barb_eph_t0108_0013.tif,Page,Page 13,13
ark:/21198/z14f3hs8,ark:/21198/z14767cn,Masters/othermasters/MEAPmigration/barbadosephemera/images/barb_eph_t0108_0014.tif,Page,Page 14,14
ark:/21198/z14f3hs8,ark:/21198/z10g5gk1,Masters/othermasters/MEAPmigration/barbadosephemera/images/barb_eph_t0108_0015.tif,Page,Page 15,15
ark:/21198/z14f3hs8,ark:/21198/z1vq5034,Masters/othermasters/MEAPmigration/barbadosephemera/images/barb_eph_t0108_0016.tif,Page,Page 16,16
ark:/21198/z14f3hs8,ark:/21198/z1qz47f9,Masters/othermasters/MEAPmigration/barbadosephemera/images/barb_eph_t0108_0017.tif,Page,Page 17,17
ark:/21198/z14f3hs8,ark:/21198/z1m92635,Masters/othermasters/MEAPmigration/barbadosephemera/images/barb_eph_t0108_0018.tif,Page,Page 18,18
ark:/21198/z14f3hs8,ark:/21198/z1gj1fgs,Masters/othermasters/MEAPmigration/barbadosephemera/images/barb_eph_t0108_0019.tif,Page,Page 19,19
ark:/21198/z14f3hs8,ark:/21198/z1bs0pp5,Masters/othermasters/MEAPmigration/barbadosephemera/images/barb_eph_t0108_0020.tif,Page,Page 20,20
ark:/21198/z14f3hs8,ark:/21198/z1709xxr,Masters/othermasters/MEAPmigration/barbadosephemera/images/barb_eph_t0108_0021.tif,Page,Page 21,21
ark:/21198/z14f3hs8,ark:/21198/z137964x,Masters/othermasters/MEAPmigration/barbadosephemera/images/barb_eph_t0108_0022.tif,Page,Page 22,22
ark:/21198/z14f3hs8,ark:/21198/z1zg8ppp,Masters/othermasters/MEAPmigration/barbadosephemera/images/barb_eph_t0108_0023.tif,Page,Page 23,23
ark:/21198/z10p2s3d,ark:/21198/z1tq7z2q,Masters/othermasters/MEAPmigration/barbadosephemera/images/barb_eph_t0109_0001.tif,Page,Page 1,1
ark:/21198/z10p2s3d,ark:/21198/z1q25wpq,Masters/othermasters/MEAPmigration/barbadosephemera/images/barb_eph_t0109_0002.tif,Page,Page 2,2
ark:/21198/z10p2s3d,ark:/21198/z1k9551p,Masters/othermasters/MEAPmigration/barbadosephemera/images/barb_eph_t0109_0003.tif,Page,Page 3,3
ark:/21198/z10p2s3d,ark:/21198/z1fj4d9z,Masters/othermasters/MEAPmigration/barbadosephemera/images/barb_eph_t0109_0004.tif,Page,Page 4,4
ark:/21198/z10p2s3d,ark:/21198/z19s3ngw,Masters/othermasters/MEAPmigration/barbadosephemera/images/barb_eph_t0109_0005.tif,Page,Page 5,5
ark:/21198/z10p2s3d,ark:/21198/z1612wq1,Masters/othermasters/MEAPmigration/barbadosephemera/images/barb_eph_t0109_0006.tif,Page,Page 6,6
ark:/21198/z10p2s3d,ark:/21198/z128251j,Masters/othermasters/MEAPmigration/barbadosephemera/images/barb_eph_t0109_0007.tif,Page,Page 7,7
ark:/21198/z10p2s3d,ark:/21198/z1xh1nn6,Masters/othermasters/MEAPmigration/barbadosephemera/images/barb_eph_t0109_0008.tif,Page,Page 8,8
ark:/21198/z10p2s3d,ark:/21198/z1st9m8r,Masters/othermasters/MEAPmigration/barbadosephemera/images/barb_eph_t0109_0009.tif,Page,Page 9,9
ark:/21198/z10p2s3d,ark:/21198/z1p28vnp,Masters/othermasters/MEAPmigration/barbadosephemera/images/barb_eph_t0109_0010.tif,Page,Page 10,10
ark:/21198/z10p2s3d,ark:/21198/z1j983xb,Masters/othermasters/MEAPmigration/barbadosephemera/images/barb_eph_t0109_0011.tif,Page,Page 11,11
ark:/21198/z10p2s3d,ark:/21198/z1dj7c44,Masters/othermasters/MEAPmigration/barbadosephemera/images/barb_eph_t0109_0012.tif,Page,Page 12,12
ark:/21198/z10p2s3d,ark:/21198/z18s6mbh,Masters/othermasters/MEAPmigration/barbadosephemera/images/barb_eph_t0109_0013.tif,Page,Page 13,13
ark:/21198/z10p2s3d,ark:/21198/z1515vp0,Masters/othermasters/MEAPmigration/barbadosephemera/images/barb_eph_t0109_0014.tif,Page,Page 14,14
ark:/21198/z10p2s3d,ark:/21198/z11c3t93,Masters/othermasters/MEAPmigration/barbadosephemera/images/barb_eph_t0109_0015.tif,Page,Page 15,15
ark:/21198/z10p2s3d,ark:/21198/z1wm39wp,Masters/othermasters/MEAPmigration/barbadosephemera/images/barb_eph_t0109_0016.tif,Page,Page 16,16
ark:/21198/z10p2s3d,ark:/21198/z1rv2k8q,Masters/othermasters/MEAPmigration/barbadosephemera/images/barb_eph_t0109_0017.tif,Page,Page 17,17
ark:/21198/z1vx28p0,ark:/21198/z1n31tgd,Masters/othermasters/MEAPmigration/barbadosephemera/images/barb_eph_uy0001_0001.tif,Page,Page 1,1
ark:/21198/z1vx28p0,ark:/21198/z1hb12p5,Masters/othermasters/MEAPmigration/barbadosephemera/images/barb_eph_uy0001_0002.tif,Page,Page 2,2
ark:/21198/z1vx28p0,ark:/21198/z1ck09x0,Masters/othermasters/MEAPmigration/barbadosephemera/images/barb_eph_uy0001_0003.tif,Page,Page 3,3
ark:/21198/z1vx28p0,ark:/21198/z17s9k7k,Masters/othermasters/MEAPmigration/barbadosephemera/images/barb_eph_uy0001_0004.tif,Page,Page 4,4
ark:/21198/z1r807bv,ark:/21198/z1447hw1,Masters/othermasters/MEAPmigration/barbadosephemera/images/barb_eph_uy0002_0001.tif,Page,Page 1,1
ark:/21198/z1r807bv,ark:/21198/z10c6s7m,Masters/othermasters/MEAPmigration/barbadosephemera/images/barb_eph_uy0002_0002.tif,Page,Page 2,2
ark:/21198/z1r807bv,ark:/21198/z1vm68sr,Masters/othermasters/MEAPmigration/barbadosephemera/images/barb_eph_uy0002_0003.tif,Page,Page 3,3
ark:/21198/z1r807bv,ark:/21198/z1qv5j2f,Masters/othermasters/MEAPmigration/barbadosephemera/images/barb_eph_uy0002_0004.tif,Page,Page 4,4
ark:/21198/z1mg9gn1,ark:/21198/z1m34s7p,Masters/othermasters/MEAPmigration/barbadosephemera/images/barb_eph_uy0003_0001.tif,Page,Page 1,1
ark:/21198/z1mg9gn1,ark:/21198/z1gb41gw,Masters/othermasters/MEAPmigration/barbadosephemera/images/barb_eph_uy0003_0002.tif,Page,Page 2,2
ark:/21198/z1mg9gn1,ark:/21198/z1bk38t2,Masters/othermasters/MEAPmigration/barbadosephemera/images/barb_eph_uy0003_0003.tif,Page,Page 3,3
ark:/21198/z1mg9gn1,ark:/21198/z16x17h2,Masters/othermasters/MEAPmigration/barbadosephemera/images/barb_eph_uy0003_0004.tif,Page,Page 4,4
ark:/21198/z1gq8qwv,ark:/21198/z1350gvj,Masters/othermasters/MEAPmigration/barbadosephemera/images/barb_eph_uy0004_0001.tif,Page,Page 1,1
ark:/21198/z1bz8031,ark:/21198/z1zd00d3,Masters/othermasters/MEAPmigration/barbadosephemera/images/barb_eph_uy0005_0001.tif,Page,Page 1,1
ark:/21198/z1bz8031,ark:/21198/z1tm97nc,Masters/othermasters/MEAPmigration/barbadosephemera/images/barb_eph_uy0005_0002.tif,Page,Page 2,2
ark:/21198/z1bz8031,ark:/21198/z1pv8gvr,Masters/othermasters/MEAPmigration/barbadosephemera/images/barb_eph_uy0005_0003.tif,Page,Page 3,3
ark:/21198/z17677cm,ark:/21198/z1k37r39,Masters/othermasters/MEAPmigration/barbadosephemera/images/barb_eph_uy0006_0001.tif,Page,Page 1,1
ark:/21198/z17677cm,ark:/21198/z1fb70fv,Masters/othermasters/MEAPmigration/barbadosephemera/images/barb_eph_uy0006_0002.tif,Page,Page 2,2
ark:/21198/z17677cm,ark:/21198/z19p4z31,Masters/othermasters/MEAPmigration/barbadosephemera/images/barb_eph_uy0006_0003.tif,Page,Page 3,3
ark:/21198/z17677cm,ark:/21198/z15x46fk,Masters/othermasters/MEAPmigration/barbadosephemera/images/barb_eph_uy0006_0004.tif,Page,Page 4,4
ark:/21198/z17677cm,ark:/21198/z1253frm,Masters/othermasters/MEAPmigration/barbadosephemera/images/barb_eph_uy0006_0005.tif,Page,Page 5,5
ark:/21198/z17677cm,ark:/21198/z1xd2z6f,Masters/othermasters/MEAPmigration/barbadosephemera/images/barb_eph_uy0006_0006.tif,Page,Page 6,6
ark:/21198/z13f6gr7,ark:/21198/z1sn26fn,Masters/othermasters/MEAPmigration/barbadosephemera/images/barb_eph_uy0007_0001.tif,Page,Page 1,1
ark:/21198/z13f6gr7,ark:/21198/z1nw1fpg,Masters/othermasters/MEAPmigration/barbadosephemera/images/barb_eph_uy0007_0002.tif,Page,Page 2,2
ark:/21198/z13f6gr7,ark:/21198/z1j40q1c,Masters/othermasters/MEAPmigration/barbadosephemera/images/barb_eph_uy0007_0003.tif,Page,Page 3,3
ark:/21198/z13f6gr7,ark:/21198/z1df8nnh,Masters/othermasters/MEAPmigration/barbadosephemera/images/barb_eph_uy0007_0004.tif,Page,Page 4,4
ark:/21198/z13f6gr7,ark:/21198/z18p7x1j,Masters/othermasters/MEAPmigration/barbadosephemera/images/barb_eph_uy0007_0005.tif,Page,Page 5,5
ark:/21198/z13f6gr7,ark:/21198/z14x7596,Masters/othermasters/MEAPmigration/barbadosephemera/images/barb_eph_uy0007_0006.tif,Page,Page 6,6
ark:/21198/z13f6gr7,ark:/21198/z1156dks,Masters/othermasters/MEAPmigration/barbadosephemera/images/barb_eph_uy0007_0007.tif,Page,Page 7,7
ark:/21198/z1zp608b,ark:/21198/z1wd5x1m,Masters/othermasters/MEAPmigration/barbadosephemera/images/barb_eph_uy0008_0001.tif,Page,Page 1,1
ark:/21198/z1zp608b,ark:/21198/z1rn558t,Masters/othermasters/MEAPmigration/barbadosephemera/images/barb_eph_uy0008_0002.tif,Page,Page 2,2
ark:/21198/z1zp608b,ark:/21198/z1mw4dm0,Masters/othermasters/MEAPmigration/barbadosephemera/images/barb_eph_uy0008_0003.tif,Page,Page 3,3
ark:/21198/z1v13xwz,ark:/21198/z1h72c8v,Masters/othermasters/MEAPmigration/barbadosephemera/images/barb_eph_uy0009_0001.tif,Page,Page 1,1
ark:/21198/z1v13xwz,ark:/21198/z1cg1mm1,Masters/othermasters/MEAPmigration/barbadosephemera/images/barb_eph_uy0009_0002.tif,Page,Page 2,2
ark:/21198/z1v13xwz,ark:/21198/z17q0vz6,Masters/othermasters/MEAPmigration/barbadosephemera/images/barb_eph_uy0009_0003.tif,Page,Page 3,3
ark:/21198/z1v13xwz,ark:/21198/z13z045c,Masters/othermasters/MEAPmigration/barbadosephemera/images/barb_eph_uy0009_0004.tif,Page,Page 4,4
ark:/21198/z1v13xwz,ark:/21198/z1059cdz,Masters/othermasters/MEAPmigration/barbadosephemera/images/barb_eph_uy0009_0005.tif,Page,Page 5,5
ark:/21198/z1q8367x,ark:/21198/z1vd8vwt,Masters/othermasters/MEAPmigration/barbadosephemera/images/barb_eph_uy0010_0001.tif,Page,Page 1,1
ark:/21198/z1q8367x,ark:/21198/z1qn8487,Masters/othermasters/MEAPmigration/barbadosephemera/images/barb_eph_uy0010_0002.tif,Page,Page 2,2
ark:/21198/z1q8367x,ark:/21198/z1m062w7,Masters/othermasters/MEAPmigration/barbadosephemera/images/barb_eph_uy0010_0003.tif,Page,Page 3,3
ark:/21198/z1q8367x,ark:/21198/z1g75b7t,Masters/othermasters/MEAPmigration/barbadosephemera/images/barb_eph_uy0010_0004.tif,Page,Page 4,4
ark:/21198/z1kh2fdv,ark:/21198/z1bg4kjj,Masters/othermasters/MEAPmigration/barbadosephemera/images/barb_eph_uy0011_0001.tif,Page,Page 1,1
ark:/21198/z1kh2fdv,ark:/21198/z16q3trx,Masters/othermasters/MEAPmigration/barbadosephemera/images/barb_eph_uy0011_0002.tif,Page,Page 2,2
ark:/21198/z1kh2fdv,ark:/21198/z12z330j,Masters/othermasters/MEAPmigration/barbadosephemera/images/barb_eph_uy0011_0003.tif,Page,Page 3,3
ark:/21198/z1kh2fdv,ark:/21198/z1z62kh5,Masters/othermasters/MEAPmigration/barbadosephemera/images/barb_eph_uy0011_0004.tif,Page,Page 4,4
ark:/21198/z1fr1pnp,ark:/21198/z1tf1tvb,Masters/othermasters/MEAPmigration/barbadosephemera/images/barb_eph_uy0012_0001.tif,Page,Page 1,1
ark:/21198/z1fr1pnp,ark:/21198/z1pr9sd0,Masters/othermasters/MEAPmigration/barbadosephemera/images/barb_eph_uy0012_0002.tif,Page,Page 2,2
ark:/21198/z1fr1pnp,ark:/21198/z1k091s9,Masters/othermasters/MEAPmigration/barbadosephemera/images/barb_eph_uy0012_0003.tif,Page,Page 3,3
ark:/21198/z1fr1pnp,ark:/21198/z1f78920,Masters/othermasters/MEAPmigration/barbadosephemera/images/barb_eph_uy0012_0004.tif,Page,Page 4,4
ark:/21198/z1b00xx8,ark:/21198/z19g7j9t,Masters/othermasters/MEAPmigration/barbadosephemera/images/barb_eph_uy0013_0001.tif,Page,Page 1,1
ark:/21198/z1b00xx8,ark:/21198/z15q6sh6,Masters/othermasters/MEAPmigration/barbadosephemera/images/barb_eph_uy0013_0002.tif,Page,Page 2,2
ark:/21198/z1b00xx8,ark:/21198/z11z61vr,Masters/othermasters/MEAPmigration/barbadosephemera/images/barb_eph_uy0013_0003.tif,Page,Page 3,3
ark:/21198/z1b00xx8,ark:/21198/z1x65jfp,Masters/othermasters/MEAPmigration/barbadosephemera/images/barb_eph_uy0013_0004.tif,Page,Page 4,4
ark:/21198/z1b00xx8,ark:/21198/z1sj3h2s,Masters/othermasters/MEAPmigration/barbadosephemera/images/barb_eph_uy0013_0005.tif,Page,Page 5,5
ark:/21198/z1b00xx8,ark:/21198/z1ns2rfd,Masters/othermasters/MEAPmigration/barbadosephemera/images/barb_eph_uy0013_0006.tif,Page,Page 6,6
ark:/21198/z1b00xx8,ark:/21198/z1j120qc,Masters/othermasters/MEAPmigration/barbadosephemera/images/barb_eph_uy0013_0007.tif,Page,Page 7,7
ark:/21198/z1b00xx8,ark:/21198/z1d817xr,Masters/othermasters/MEAPmigration/barbadosephemera/images/barb_eph_uy0013_0008.tif,Page,Page 8,8
ark:/21198/z1b00xx8,ark:/21198/z18h0h50,Masters/othermasters/MEAPmigration/barbadosephemera/images/barb_eph_uy0013_0009.tif,Page,Page 9,9
ark:/21198/z1b00xx8,ark:/21198/z14q9rfq,Masters/othermasters/MEAPmigration/barbadosephemera/images/barb_eph_uy0013_0010.tif,Page,Page 10,10
ark:/21198/z1b00xx8,ark:/21198/z1127q3k,Masters/othermasters/MEAPmigration/barbadosephemera/images/barb_eph_uy0013_0011.tif,Page,Page 11,11
ark:/21198/z1b00xx8,ark:/21198/z1w976p5,Masters/othermasters/MEAPmigration/barbadosephemera/images/barb_eph_uy0013_0012.tif,Page,Page 12,12
ark:/21198/z1b00xx8,ark:/21198/z1rj6g1r,Masters/othermasters/MEAPmigration/barbadosephemera/images/barb_eph_uy0013_0013.tif,Page,Page 13,13
ark:/21198/z1b00xx8,ark:/21198/z1ms5qbg,Masters/othermasters/MEAPmigration/barbadosephemera/images/barb_eph_uy0013_0014.tif,Page,Page 14,14
ark:/21198/z1b00xx8,ark:/21198/z1h14zhq,Masters/othermasters/MEAPmigration/barbadosephemera/images/barb_eph_uy0013_0015.tif,Page,Page 15,15
ark:/21198/z1b00xx8,ark:/21198/z1c846rx,Masters/othermasters/MEAPmigration/barbadosephemera/images/barb_eph_uy0013_0016.tif,Page,Page 16,16
ark:/21198/z1b00xx8,ark:/21198/z17h3g22,Masters/othermasters/MEAPmigration/barbadosephemera/images/barb_eph_uy0013_0017.tif,Page,Page 17,17
ark:/21198/z167069p,ark:/21198/z13v1dn9,Masters/othermasters/MEAPmigration/barbadosephemera/images/barb_eph_uy0014_0001.tif,Page,Page 1,1
ark:/21198/z167069p,ark:/21198/z1030p06,Masters/othermasters/MEAPmigration/barbadosephemera/images/barb_eph_uy0014_0002.tif,Page,Page 2,2
ark:/21198/z167069p,ark:/21198/z1vb05m7,Masters/othermasters/MEAPmigration/barbadosephemera/images/barb_eph_uy0014_0003.tif,Page,Page 3,3
ark:/21198/z167069p,ark:/21198/z1qj9dt2,Masters/othermasters/MEAPmigration/barbadosephemera/images/barb_eph_uy0014_0004.tif,Page,Page 4,4
ark:/21198/z167069p,ark:/21198/z1ks8p29,Masters/othermasters/MEAPmigration/barbadosephemera/images/barb_eph_uy0014_0005.tif,Page,Page 5,5
ark:/21198/z167069p,ark:/21198/z1g17x80,Masters/othermasters/MEAPmigration/barbadosephemera/images/barb_eph_uy0014_0006.tif,Page,Page 6,6
ark:/21198/z167069p,ark:/21198/z1b875mj,Masters/othermasters/MEAPmigration/barbadosephemera/images/barb_eph_uy0014_0007.tif,Page,Page 7,7
ark:/21198/z12f9fmv,ark:/21198/z16m5483,Masters/othermasters/MEAPmigration/barbadosephemera/images/barb_eph_uy0015_0001.tif,Page,Page 1,1
ark:/21198/z12f9fmv,ark:/21198/z12v4cm8,Masters/othermasters/MEAPmigration/barbadosephemera/images/barb_eph_uy0015_0002.tif,Page,Page 2,2
ark:/21198/z12f9fmv,ark:/21198/z1z33w66,Masters/othermasters/MEAPmigration/barbadosephemera/images/barb_eph_uy0015_0003.tif,Page,Page 3,3
ark:/21198/z12f9fmv,ark:/21198/z1tb34fd,Masters/othermasters/MEAPmigration/barbadosephemera/images/barb_eph_uy0015_0004.tif,Page,Page 4,4
ark:/21198/z12f9fmv,ark:/21198/z1pk2cmb,Masters/othermasters/MEAPmigration/barbadosephemera/images/barb_eph_uy0015_0005.tif,Page,Page 5,5
ark:/21198/z1xs7nhf,ark:/21198/z1jt1mv5,Masters/othermasters/MEAPmigration/barbadosephemera/images/barb_eph_uy0016_0001.tif,Page,Page 1,1
ark:/21198/z1xs7nhf,ark:/21198/z1f20w5m,Masters/othermasters/MEAPmigration/barbadosephemera/images/barb_eph_uy0016_0002.tif,Page,Page 2,2
ark:/21198/z1xs7nhf,ark:/21198/z19c8tw3,Masters/othermasters/MEAPmigration/barbadosephemera/images/barb_eph_uy0016_0003.tif,Page,Page 3,3
ark:/21198/z1xs7nhf,ark:/21198/z15m8372,Masters/othermasters/MEAPmigration/barbadosephemera/images/barb_eph_uy0016_0004.tif,Page,Page 4,4
ark:/21198/z1xs7nhf,ark:/21198/z11v7bhb,Masters/othermasters/MEAPmigration/barbadosephemera/images/barb_eph_uy0016_0005.tif,Page,Page 5,5
ark:/21198/z1xs7nhf,ark:/21198/z1x36v1c,Masters/othermasters/MEAPmigration/barbadosephemera/images/barb_eph_uy0016_0006.tif,Page,Page 6,6
ark:/21198/z1xs7nhf,ark:/21198/z1sb6374,Masters/othermasters/MEAPmigration/barbadosephemera/images/barb_eph_uy0016_0007.tif,Page,Page 7,7
ark:/21198/z1t16wtg,ark:/21198/z1nk5bgz,Masters/othermasters/MEAPmigration/barbadosephemera/images/barb_eph_uy0017_0001.tif,Page,Page 1,1
ark:/21198/z1t16wtg,ark:/21198/z1ht4kt4,Masters/othermasters/MEAPmigration/barbadosephemera/images/barb_eph_uy0017_0002.tif,Page,Page 2,2
ark:/21198/z1t16wtg,ark:/21198/z1d52jd3,Masters/othermasters/MEAPmigration/barbadosephemera/images/barb_eph_uy0017_0003.tif,Page,Page 3,3
ark:/21198/z1t16wtg,ark:/21198/z18d1sr8,Masters/othermasters/MEAPmigration/barbadosephemera/images/barb_eph_uy0017_0004.tif,Page,Page 4,4
ark:/21198/z1p8651n,ark:/21198/z14n1237,Masters/othermasters/MEAPmigration/barbadosephemera/images/barb_eph_uy0018_0001.tif,Page,Page 1,1
ark:/21198/z1p8651n,ark:/21198/z10w099m,Masters/othermasters/MEAPmigration/barbadosephemera/images/barb_eph_uy0018_0002.tif,Page,Page 2,2
ark:/21198/z1jh5d71,ark:/21198/z1w39ss7,Masters/othermasters/MEAPmigration/barbadosephemera/images/barb_eph_uy0019_0001.tif,Page,Page 1,1
ark:/21198/z1jh5d71,ark:/21198/z1rb921v,Masters/othermasters/MEAPmigration/barbadosephemera/images/barb_eph_uy0019_0002.tif,Page,Page 2,2
ark:/21198/z1jh5d71,ark:/21198/z1mk89c1,Masters/othermasters/MEAPmigration/barbadosephemera/images/barb_eph_uy0019_0003.tif,Page,Page 3,3
ark:/21198/z1jh5d71,ark:/21198/z1gx6804,Masters/othermasters/MEAPmigration/barbadosephemera/images/barb_eph_uy0019_0004.tif,Page,Page 4,4
ark:/21198/z1dr4njr,ark:/21198/z1c55hbm,Masters/othermasters/MEAPmigration/barbadosephemera/images/barb_eph_uy0020_0001.tif,Page,Page 1,1
ark:/21198/z1dr4njr,ark:/21198/z17d4rps,Masters/othermasters/MEAPmigration/barbadosephemera/images/barb_eph_uy0020_0002.tif,Page,Page 2,2
ark:/21198/z1dr4njr,ark:/21198/z13n40x0,Masters/othermasters/MEAPmigration/barbadosephemera/images/barb_eph_uy0020_0003.tif,Page,Page 3,3
ark:/21198/z1dr4njr,ark:/21198/z1zw3hct,Masters/othermasters/MEAPmigration/barbadosephemera/images/barb_eph_uy0020_0004.tif,Page,Page 4,4
ark:/21198/z1dr4njr,ark:/21198/z1v42rmz,Masters/othermasters/MEAPmigration/barbadosephemera/images/barb_eph_uy0020_0005.tif,Page,Page 5,5
ark:/21198/z1dr4njr,ark:/21198/z1qc20zh,Masters/othermasters/MEAPmigration/barbadosephemera/images/barb_eph_uy0020_0006.tif,Page,Page 6,6
ark:/21198/z1dr4njr,ark:/21198/z1kp9zm4,Masters/othermasters/MEAPmigration/barbadosephemera/images/barb_eph_uy0020_0007.tif,Page,Page 7,7
ark:/21198/z1dr4njr,ark:/21198/z1fx970j,Masters/othermasters/MEAPmigration/barbadosephemera/images/barb_eph_uy0020_0008.tif,Page,Page 8,8
ark:/21198/z1dr4njr,ark:/21198/z1b58g84,Masters/othermasters/MEAPmigration/barbadosephemera/images/barb_eph_uy0020_0009.tif,Page,Page 9,9
ark:/21198/z1dr4njr,ark:/21198/z16d7qhz,Masters/othermasters/MEAPmigration/barbadosephemera/images/barb_eph_uy0020_0010.tif,Page,Page 10,10
ark:/21198/z1dr4njr,ark:/21198/z12n6zqb,Masters/othermasters/MEAPmigration/barbadosephemera/images/barb_eph_uy0020_0011.tif,Page,Page 11,11
ark:/21198/z1dr4njr,ark:/21198/z1xw6g8w,Masters/othermasters/MEAPmigration/barbadosephemera/images/barb_eph_uy0020_0012.tif,Page,Page 12,12
ark:/21198/z1dr4njr,ark:/21198/z1t45qmc,Masters/othermasters/MEAPmigration/barbadosephemera/images/barb_eph_uy0020_0013.tif,Page,Page 13,13
ark:/21198/z1903ww7,ark:/21198/z1pg3p5k,Masters/othermasters/MEAPmigration/barbadosephemera/images/barb_eph_uy0021_0001.tif,Page,Page 1,1
ark:/21198/z1903ww7,ark:/21198/z1jq2xhr,Masters/othermasters/MEAPmigration/barbadosephemera/images/barb_eph_uy0021_0002.tif,Page,Page 2,2
ark:/21198/z1903ww7,ark:/21198/z1dz25v9,Masters/othermasters/MEAPmigration/barbadosephemera/images/barb_eph_uy0021_0003.tif,Page,Page 3,3
ark:/21198/z1903ww7,ark:/21198/z1961f2d,Masters/othermasters/MEAPmigration/barbadosephemera/images/barb_eph_uy0021_0004.tif,Page,Page 4,4
ark:/21198/z1903ww7,ark:/21198/z15f0p97,Masters/othermasters/MEAPmigration/barbadosephemera/images/barb_eph_uy0021_0005.tif,Page,Page 5,5
ark:/21198/z1903ww7,ark:/21198/z11n9xkz,Masters/othermasters/MEAPmigration/barbadosephemera/images/barb_eph_uy0021_0006.tif,Page,Page 6,6
ark:/21198/z15b1vjs,ark:/21198/z1ww9f6d,Masters/othermasters/MEAPmigration/barbadosephemera/images/barb_eph_uy0022_0001.tif,Page,Page 1,1
ark:/21198/z15b1vjs,ark:/21198/z1s77crh,Masters/othermasters/MEAPmigration/barbadosephemera/images/barb_eph_uy0022_0002.tif,Page,Page 2,2
ark:/21198/z15b1vjs,ark:/21198/z1ng6n4j,Masters/othermasters/MEAPmigration/barbadosephemera/images/barb_eph_uy0022_0003.tif,Page,Page 3,3
ark:/21198/z15b1vjs,ark:/21198/z1hq5wf8,Masters/othermasters/MEAPmigration/barbadosephemera/images/barb_eph_uy0022_0004.tif,Page,Page 4,4
ark:/21198/z15b1vjs,ark:/21198/z1cz54pg,Masters/othermasters/MEAPmigration/barbadosephemera/images/barb_eph_uy0022_0005.tif,Page,Page 5,5
ark:/21198/z15b1vjs,ark:/21198/z1864cw5,Masters/othermasters/MEAPmigration/barbadosephemera/images/barb_eph_uy0022_0006.tif,Page,Page 6,6
ark:/21198/z15b1vjs,ark:/21198/z14f3n69,Masters/othermasters/MEAPmigration/barbadosephemera/images/barb_eph_uy0022_0007.tif,Page,Page 7,7
ark:/21198/z15b1vjs,ark:/21198/z10s1kvf,Masters/othermasters/MEAPmigration/barbadosephemera/images/barb_eph_uy0022_0008.tif,Page,Page 8,8
ark:/21198/z15b1vjs,ark:/21198/z1w113d9,Masters/othermasters/MEAPmigration/barbadosephemera/images/barb_eph_uy0022_0009.tif,Page,Page 9,9
ark:/21198/z15b1vjs,ark:/21198/z1r80bsx,Masters/othermasters/MEAPmigration/barbadosephemera/images/barb_eph_uy0022_0010.tif,Page,Page 10,10
ark:/21198/z15b1vjs,ark:/21198/z1mg9m22,Masters/othermasters/MEAPmigration/barbadosephemera/images/barb_eph_uy0022_0011.tif,Page,Page 11,11
ark:/21198/z15b1vjs,ark:/21198/z1gq8v9w,Masters/othermasters/MEAPmigration/barbadosephemera/images/barb_eph_uy0022_0012.tif,Page,Page 12,12
ark:/21198/z15b1vjs,ark:/21198/z1bz83hn,Masters/othermasters/MEAPmigration/barbadosephemera/images/barb_eph_uy0022_0013.tif,Page,Page 13,13
ark:/21198/z15b1vjs,ark:/21198/z1767btp,Masters/othermasters/MEAPmigration/barbadosephemera/images/barb_eph_uy0022_0014.tif,Page,Page 14,14
ark:/21198/z15b1vjs,ark:/21198/z13j59db,Masters/othermasters/MEAPmigration/barbadosephemera/images/barb_eph_uy0022_0015.tif,Page,Page 15,15
ark:/21198/z15b1vjs,ark:/21198/z1zs4t0z,Masters/othermasters/MEAPmigration/barbadosephemera/images/barb_eph_uy0022_0016.tif,Page,Page 16,16
ark:/21198/z15b1vjs,ark:/21198/z1v142bt,Masters/othermasters/MEAPmigration/barbadosephemera/images/barb_eph_uy0022_0017.tif,Page,Page 17,17
ark:/21198/z15b1vjs,ark:/21198/z1q839nj,Masters/othermasters/MEAPmigration/barbadosephemera/images/barb_eph_uy0022_0018.tif,Page,Page 18,18
ark:/21198/z15b1vjs,ark:/21198/z1kh2jvx,Masters/othermasters/MEAPmigration/barbadosephemera/images/barb_eph_uy0022_0019.tif,Page,Page 19,19
ark:/21198/z15b1vjs,ark:/21198/z1fr1t35,Masters/othermasters/MEAPmigration/barbadosephemera/images/barb_eph_uy0022_0020.tif,Page,Page 20,20
ark:/21198/z15b1vjs,ark:/21198/z1b012c4,Masters/othermasters/MEAPmigration/barbadosephemera/images/barb_eph_uy0022_0021.tif,Page,Page 21,21
ark:/21198/z15b1vjs,ark:/21198/z1699114,Masters/othermasters/MEAPmigration/barbadosephemera/images/barb_eph_uy0022_0022.tif,Page,Page 22,22
ark:/21198/z15b1vjs,ark:/21198/z12j88bv,Masters/othermasters/MEAPmigration/barbadosephemera/images/barb_eph_uy0022_0023.tif,Page,Page 23,23
ark:/21198/z15b1vjs,ark:/21198/z1xs7rx2,Masters/othermasters/MEAPmigration/barbadosephemera/images/barb_eph_uy0022_0024.tif,Page,Page 24,24
ark:/21198/z15b1vjs,ark:/21198/z1t1716f,Masters/othermasters/MEAPmigration/barbadosephemera/images/barb_eph_uy0022_0025.tif,Page,Page 25,25
ark:/21198/z15b1vjs,ark:/21198/z1p868dt,Masters/othermasters/MEAPmigration/barbadosephemera/images/barb_eph_uy0022_0026.tif,Page,Page 26,26
ark:/21198/z15b1vjs,ark:/21198/z1jh5hm6,Masters/othermasters/MEAPmigration/barbadosephemera/images/barb_eph_uy0022_0027.tif,Page,Page 27,27
ark:/21198/z15b1vjs,ark:/21198/z1dr4rzc,Masters/othermasters/MEAPmigration/barbadosephemera/images/barb_eph_uy0022_0028.tif,Page,Page 28,28
ark:/21198/z15b1vjs,ark:/21198/z1932qnp,Masters/othermasters/MEAPmigration/barbadosephemera/images/barb_eph_uy0022_0029.tif,Page,Page 29,29
ark:/21198/z15b1vjs,ark:/21198/z15b200n,Masters/othermasters/MEAPmigration/barbadosephemera/images/barb_eph_uy0022_0030.tif,Page,Page 30,30
ark:/21198/z15b1vjs,ark:/21198/z11k17bt,Masters/othermasters/MEAPmigration/barbadosephemera/images/barb_eph_uy0022_0031.tif,Page,Page 31,31
ark:/21198/z15b1vjs,ark:/21198/z1wt0qs7,Masters/othermasters/MEAPmigration/barbadosephemera/images/barb_eph_uy0022_0032.tif,Page,Page 32,32
ark:/21198/z15b1vjs,ark:/21198/z1s20015,Masters/othermasters/MEAPmigration/barbadosephemera/images/barb_eph_uy0022_0033.tif,Page,Page 33,33
ark:/21198/z15b1vjs,ark:/21198/z1n89770,Masters/othermasters/MEAPmigration/barbadosephemera/images/barb_eph_uy0022_0034.tif,Page,Page 34,34
ark:/21198/z15b1vjs,ark:/21198/z1hh8gjq,Masters/othermasters/MEAPmigration/barbadosephemera/images/barb_eph_uy0022_0035.tif,Page,Page 35,35
ark:/21198/z15b1vjs,ark:/21198/z1cv6f68,Masters/othermasters/MEAPmigration/barbadosephemera/images/barb_eph_uy0022_0036.tif,Page,Page 36,36
ark:/21198/z15b1vjs,ark:/21198/z1835pjr,Masters/othermasters/MEAPmigration/barbadosephemera/images/barb_eph_uy0022_0037.tif,Page,Page 37,37
ark:/21198/z15b1vjs,ark:/21198/z14b4xvg,Masters/othermasters/MEAPmigration/barbadosephemera/images/barb_eph_uy0022_0038.tif,Page,Page 38,38
ark:/21198/z15b1vjs,ark:/21198/z10k464j,Masters/othermasters/MEAPmigration/barbadosephemera/images/barb_eph_uy0022_0039.tif,Page,Page 39,39
ark:/21198/z15b1vjs,ark:/21198/z1vt3pkz,Masters/othermasters/MEAPmigration/barbadosephemera/images/barb_eph_uy0022_0040.tif,Page,Page 40,40
ark:/21198/z15b1vjs,ark:/21198/z1r22xt3,Masters/othermasters/MEAPmigration/barbadosephemera/images/barb_eph_uy0022_0041.tif,Page,Page 41,41
ark:/21198/z15b1vjs,ark:/21198/z1m9264m,Masters/othermasters/MEAPmigration/barbadosephemera/images/barb_eph_uy0022_0042.tif,Page,Page 42,42
ark:/21198/z15b1vjs,ark:/21198/z1gn04r9,Masters/othermasters/MEAPmigration/barbadosephemera/images/barb_eph_uy0022_0043.tif,Page,Page 43,43
ark:/21198/z15b1vjs,ark:/21198/z1bv9d4s,Masters/othermasters/MEAPmigration/barbadosephemera/images/barb_eph_uy0022_0044.tif,Page,Page 44,44
ark:/21198/z11k13xs,ark:/21198/z1738nft,Masters/othermasters/MEAPmigration/barbadosephemera/images/barb_eph_uy0023_0001.tif,Page,Page 1,1