"Parent ARK","Item ARK","File Name","Object Type","Title","Item Sequence","Original language title","Translated Title","Alternative title","Creator","Contributor","Publisher","Publisher.place","Date.created","Date.created (single)","Language | code","TypeOfResource","Genre","Extent","Dimensions","Insitution/Repository","collection name","collection number","box number","folder number","Rights.copyrightStatus","Rights.publicationStatus","Rights.servicesContact","Abstract | eng","Note.content","Subject.topic","Subject.temporal","Digital Collection Title","Latitude/longitude","Subject.place","Bucketeer State","IIIF Access URL","IIIF Manifest URL"
"ark:/21198/z1698wvv","ark:/21198/z1hq5xg4","Masters/othermasters/MEAPmigration/aifnegatives/retry/0260me00375_DC01M_001.tif","Page","Page 1","1","","","","","","","","","","","","","","","","","","","","","","","","","","","","","","succeeded","https://iiif.library.ucla.edu/iiif/2/ark%3A%2F21198%2Fz1hq5xg4",""
"ark:/21198/z1698wvv","ark:/21198/z1cz55qb","Masters/othermasters/MEAPmigration/aifnegatives/retry/0260me00375_DC01M_002.tif","Page","Page 2","2","","","","","","","","","","","","","","","","","","","","","","","","","","","","","","succeeded","https://iiif.library.ucla.edu/iiif/2/ark%3A%2F21198%2Fz1cz55qb",""
